27,160359,294.18326612733557,164308,178.71721277984108
131536,164308,141.8635441668321
510,164308,122.8727145513982
662,164302,125.64980078722454
131818,164308,189.6940058098856
131828,164308,205.39510714169884
132006,164084,196.4122965325375
1212,164308,126.34696392849342
1400,164302,136.41652039878088
132799,164308,112.2824290700601
1882,163572,158.87287222411922,164084,171.94051387664422
1919,164308,169.72595449675708,159340,303.50207812114763
1922,162775,272.26589054554546,164308,127.25732497335042
1924,162775,281.47028136116813,164308,134.18854483495792
1926,164308,191.8297753156332
1971,164308,185.5830037533855
2347,164308,172.8285995807076
2351,162222,131.20603852784308
2359,164308,150.70129614284238,131020,270.96293770334285,163535,313.5922378298688
2369,164308,149.08010329956338,163130,277.69383317209537
3005,163572,172.4703319653712,164084,160.42194411735736
3058,164308,158.55479951543438,3431,289.4596536738571
3107,164308,140.2036952152879,163535,301.3154166749727
134250,164308,158.93558873483028,14588,262.52220248869
3395,164308,174.25880882330574,163487,297.0154628308577
3431,3058,289.4596536738571,164308,140.90214512121
134564,164084,159.67012733518987
3506,164308,203.36161147134717
134685,164307,158.46603533014886
134767,164302,116.60069138711306
134820,164308,196.8417706823167
134899,164308,122.34602593527812,161881,233.8889849764373
3855,164308,120.93894228215758,163535,280.60286390102493
134987,163463,318.992784903174,164308,154.85512371754075
4234,164308,192.42094374250098
4254,164308,191.51455705598062
4262,160807,246.80367591499544,164308,137.78985765968991
135450,164308,183.91772076508846,157020,314.0376602509168
4485,164308,142.73775227124813,163471,255.9767828409167
4603,164308,182.75001959405472
135899,96579,327.1593517822979,164308,189.67937596294536
135955,56867,263.73299291600756,164308,141.3276558833288,57239,333.2665213725586
4893,163487,114.62525062781
4982,164308,184.9611669870809
5003,161191,327.905630451766,164308,185.254875957236
5141,164302,122.17181421621193
5371,164308,188.25038821377672,153225,366.56808317733226
136647,164308,177.93953899873384
136713,164302,143.43108976526256
5647,163494,245.14200539346785,164308,132.80722235162926
5659,164308,190.88376562752342
5828,164302,131.7560941083046
5904,164302,120.5470949059314
5984,164084,224.47246446172954
137171,164308,181.8410964822481
6104,164308,155.04441962743323
6113,164308,167.6549242305749
6237,164302,122.63546180953684
6255,164302,174.0391385444392
6349,164308,179.55408768523537,160789,321.84294510612983
137430,164308,174.66095543448498
6371,164308,118.61201883466646
6497,161191,283.08142085223784,164308,144.70437252161454
6538,164308,118.06081920504016
6740,164308,169.68491876173204
137858,164308,131.64640821732087
138029,161666,309.8813122138098,161233,338.65071544952866,164308,167.53915806350983
7240,164308,138.90966549138548
138319,164308,172.1148707172487,164063,308.7492229558921
7246,164308,159.32646557998027
138371,164307,164.66962643917083
138432,162228,272.74312777307176,164308,171.2051305752974
138499,164302,149.8889486472737
7659,164308,120.15240222611699,164302,125.38338070713314
138797,162336,293.8688578831632,164308,161.33079880715985
138904,164308,126.79463875975715
7903,164308,119.95897260031347
138977,163584,253.85483453998228,164308,139.66348662766688
7974,164308,183.70152083159508
139052,164308,120.81438764426201
7996,164308,160.8420342266656
139082,164308,148.55283798311908
8237,157536,250.89964639243394,164308,154.54147114044713
8239,157536,254.22965279457023,164308,154.85117128226418
139414,164308,163.63740424024164
8367,164308,159.26338769287767
8605,162163,261.58190475953506,164308,125.13171828691853
8607,162163,304.42122947759395,164308,165.2316481974163,151093,287.26281211714854
139690,158256,395.8943666608895,164308,208.59015302063108
8657,164308,169.16575652773278
8791,164302,121.03600586780503
140018,164308,195.41323539452162
9038,164308,130.11625164572396
9609,164302,128.11010255328392
9625,164302,135.57718996176186
140752,164308,165.44403925392805
9818,164308,137.12700193533126
140948,163463,352.6150406226568,164308,188.55223604573985
9881,164308,185.73053814537454
9897,164308,128.35396626662435,164302,135.91083868513692
9970,164302,176.67097694035007
9975,164302,142.7624777995928
10074,164308,162.17788933537798,164302,168.03228890368229
10141,164308,151.2581299028969
10377,164302,141.39266252108027
10495,164308,149.23750755912116
10543,164308,139.21326888195202
10643,164308,127.10174644477758,164302,133.673435001641
10749,164302,163.68992034334588
141973,164302,146.6206796619784
10907,164308,169.53429621053948,163962,297.5191664126361
141993,164032,184.9033517191801
142126,164308,198.6177545096009
142201,164308,135.91456350970242
142282,164307,154.79487446838192
11262,164308,190.19890680424064
11444,164302,114.5865796776771
142578,164308,159.2982407619849
11607,164308,137.35931274529975
11653,164308,154.50976481434975,163962,284.9198850849761
142759,164308,145.41814170028204
11812,164302,114.38500926509336
11825,164302,136.99002177235263
11946,164308,194.5708667010157,164302,204.94852907760233
11972,164308,141.99269071978617,161109,285.0788310973157
11991,164308,185.9661300617691
12010,164308,152.23817845294724
12021,164308,193.46490383416403,12395,348.3886067082292
12040,164308,124.51723454390421
12053,164308,159.8005870676271
12153,164302,120.43258148156781
143327,164308,128.6238754135593,163407,282.8904404777278
12395,12021,348.3886067082292,164308,163.9073865261656
12403,164308,140.30556795499945,163962,269.6563017978728
12450,164308,132.6738067802084
12453,164308,131.7869744256238
143556,164308,143.03257275795437
12588,164302,147.30059611079332
12618,164302,157.91557270848298
12765,164295,310.7350386836973,164308,145.00489377333224
143843,164308,131.1335956761141
12787,164308,130.7356359640323
143867,164308,159.65303384830725,162959,322.74081463743977
12807,164308,120.58488137067849
12809,164308,136.08483112593092
12831,164308,146.67791374182536,155339,252.0925460223486
12837,164308,171.56871914855193
12877,164302,113.46254943018161
12947,164302,148.45829940734987
144243,163463,357.4866253684185,164308,189.07785469323963
13304,164302,113.65435980414092
144433,164307,153.8375171593989,164308,154.30558710011636
13441,164308,130.84854635369067
13681,164302,128.76647305481208
144884,164308,160.04296332904798
13838,164308,124.52618829285677
144921,164308,138.78318041246848
13865,164295,297.5412448629107,164308,134.35522468019167
13875,164295,281.91600201553,164308,118.23490611051703
145170,164308,174.04281173895288
14275,106401,326.0873225559317,164308,133.91624062352304
14285,164308,157.19448752062002
14444,164302,140.67648821080806
14446,164302,136.243556299214
145576,164308,148.42521128735746
145597,164307,120.91935695535916
14588,162354,246.36624087114984,164308,117.89508564722482,134250,262.52220248869
14595,164308,148.24215342551892
14704,164308,118.7017681373422,162501,289.66068716403475
146032,164308,117.2562025177608
14983,164308,117.23576763743011
146159,163463,361.9813724367742,164308,196.91417277268746
15119,164302,118.58933412150085
146198,163463,348.28475843092406,164308,183.25851434636795
15249,164302,130.92716687904104
146370,164308,158.04620326207933
146407,162352,120.72571376534611
15412,164308,205.13168074489278,164063,345.0750537111495
146491,164302,115.06781084958585
146514,164307,154.69609901183927
15473,164308,122.40058659173933
15475,164308,122.52728153883248
146579,164307,157.44041419846351
15709,164308,211.1711395994549
15745,164308,166.5524585215522
15750,164308,168.97680663082247
146967,163584,221.41897935500154,164308,115.33231668665294
16162,164308,183.01674601385486,164063,319.8081392999984
147295,163508,257.6440232227614,164308,143.95735437063752
16313,164302,137.42041439995378
147422,164308,158.1266275592721,162501,339.4264816391842
16470,164308,196.87603439960236
16491,164308,124.05171403641292
147612,164308,118.07062824914702
147655,164084,280.10444819330286
147712,164302,175.32488732332112
147755,164295,311.73078091397394,164308,146.52686574972543,163565,252.7853005184775
147923,164308,122.94777639880299
16850,162352,249.10731674273643,164308,121.46924122270953
16872,164308,155.7762603972533
147944,164308,208.44562872168288
16880,164308,159.32051720357885
16941,158935,264.3261697754451,164308,133.4337294069413
16947,164308,152.8565096680993
16958,164308,151.06885458449557,162501,332.3285082924185
148253,164302,129.44251329835532
148296,162947,271.0056024073302,164308,124.87385478749553
17266,164295,147.79899036114634,164063,167.49086569018436
17289,164308,184.57838678869334
17311,163664,236.54987027090732,164308,132.95280737965558
17452,164302,124.06172357352615
148577,164176,305.59654248944895,164308,165.42904747468094
148598,164307,163.10267139056526,29493,310.6177925846961,164308,165.31012870428944
17567,17940,276.5403440255459,164308,152.7977722647787
148725,150064,278.14561188539585,164308,127.46638553753056
17695,164308,162.58824771407694
148816,164308,128.49940750617577
148857,164308,178.88905176437734,154088,293.72660220159264
148937,163670,236.2380661006179,156487,125.52664852513439,164308,122.89170632202381
148973,163043,289.5947124783541,162400,256.0069577971207,164308,147.84262958842675
17926,164308,133.37950098185465
17940,164308,136.93387278935157,17567,276.5403440255459
18058,163664,325.3219633538609,164308,221.11023800617392
18064,155953,287.12550724213344,164308,178.26062120146108
149188,164308,126.17803746316025
18205,164302,152.31031970426375
149453,164308,178.8327788542478
149517,164308,161.63392603370266
18451,164308,174.05861993757617
18574,164302,135.74732551497905
18590,164302,124.17388892323748
18749,19123,319.20333122739595,164308,170.47674519172205
18805,163664,288.0640653542443,164308,183.25775090146672
18829,19203,349.21970661749214,164308,195.49080746864513
150064,164308,161.46691356835407,148725,278.14561188539585,27662,338.16473553746266
19117,164308,166.11482691312412
19123,164308,159.93164868068763,18749,319.20333122739595
19203,164308,163.57350958625105,19577,302.27275154595145,18829,349.21970661749214
19295,164302,156.82337274780957
19528,164308,141.99987039401614,164063,277.03434844148865
19577,19203,302.27275154595145,164308,151.35142579469502,124367,285.0878500493819
150768,164308,151.48070138276364
19700,164302,147.2903133820612
19792,164308,142.18177481342022
19842,162352,308.767892331034,164308,176.27974465598567
19926,164308,117.84885405368411
151093,157536,232.76943466274415,164308,133.9764921024887,8607,287.26281211714854
20049,164302,113.77395173089823
151210,164308,187.63416993088077
20161,164308,188.3046149126912
20192,164308,189.87131440239258
151307,164302,123.3220913190237
20234,164308,163.85810739948056
20270,164063,224.46666352756438
151439,164308,154.2333777186151
151532,164308,188.6068666544387
151541,164302,184.60189846018548
151646,164308,141.69965080480867
20598,164308,179.0272460382438,20972,345.79864410032286
20629,164295,290.89466808539834,164308,131.3502172087494
151727,164308,186.3617174532392
20667,160337,348.8383732737793,164308,210.30067993643587
151747,164308,186.14936898722178
151748,164308,117.92099457467324
20693,164308,162.30841764828133
151824,164308,159.99179110322706
151850,164308,191.0267463683095
20779,164302,131.59984717882529
151880,164308,184.7918099203681
20878,164302,124.2520664675395
20942,164308,178.451153189513
20972,20598,345.79864410032286,164308,177.199180321839
20989,164308,179.7601110225642
20998,164308,137.9059102382065
21000,164295,284.31858807558484,164308,123.49649140515562
152095,164308,165.51035807275244
152256,164308,144.10233044280372
21350,164308,167.09122013618313
21354,164308,141.55272587146135
21380,164295,312.47188925704324,164308,148.62112906751076
21441,164308,164.16681963248243
152560,164308,120.75190969624111
21622,164302,133.04370345361014
152755,164308,150.60821291462068
21739,164308,162.42084074497723
21758,164063,154.00519893200266
21806,22180,298.80019336599423,164308,145.89665821890912
153054,164308,180.38279805836575
153065,164308,138.77231300360955
153168,164308,189.53054202578875
153185,164302,142.0493371081161
22129,164295,289.89434643860614,164308,127.0337814213034
153225,164308,190.32765112443772,5371,366.56808317733226
22180,164308,167.74886022388353,21806,298.80019336599423
153283,164308,118.10592553061178
153324,164308,165.3520522773837
153488,163463,359.921330329695,164308,193.82340591035663
153520,164302,133.63668581570641
22527,164308,171.64368179106168
153621,163600,255.98591808506353,164308,130.92499997716558
22660,163518,154.32248172285736
22846,162352,282.31850354698724,164308,149.73134970739684
22910,162662,267.246244518449,163972,233.47284636906346,164308,116.21971350637305
22936,164308,169.86058109018214
22968,164308,151.64252082438063,164302,160.47453508777517
154088,163172,262.27159884101684,164308,125.39249696409644,148857,293.72660220159264
154186,164307,120.14546220140241
154184,164302,121.52987110614795
23154,164308,206.385667482054
154293,164308,123.3999946831595
154315,164084,117.72413070044128
154338,64720,318.7925929538682,164308,140.07771367911477
154375,164308,154.9081102303245,162501,338.922104007132
23321,162672,305.38691272194654,163750,309.8501697741429,164308,176.38223825674888
154696,163508,247.00455068036837,164308,133.85764485740293,158527,308.7453041017519
154723,164308,163.07486831883577
154772,164308,181.5070182079355
154884,164308,136.4609668181467
154911,164308,173.74861369233005
154921,164308,123.37715976038524
155032,164308,192.5502640570572
155040,164308,177.14165906835038,162873,338.70888936455765
155093,164308,131.89960638407575
24052,164308,159.6435000180439
155126,164308,128.52708925351405,162506,264.97338540428524
155257,164308,204.00871995183303
155265,164308,188.09420684986566
155311,164308,130.88015587478398,28024,226.15424769468635
24264,164308,117.70791415554396
155339,164308,116.41234331485845,12831,252.0925460223486
155343,164308,169.3549295497674,158869,325.53914543179894
155348,164308,160.14988330396798
24311,164308,195.41850394659923
155397,164308,160.43188291537894,163897,275.36088951298126
155410,164032,112.7335108771961
155455,164308,151.56412786841645
155539,44882,319.47199602700147,164308,125.78056292048211
155557,160723,325.17927718403035,164308,186.95432941961442
155583,164307,156.19275354219013
155598,164308,129.01853190260755,157849,315.08808068570374
155615,164308,197.5031628522543
24630,164308,120.10825351539451
24642,164308,179.83075041814377
155763,164307,125.99952866417384,164308,126.02454067528716
155846,164308,119.7494673241061,162501,300.32465311599816
24791,164308,175.52181850442366
24815,162672,293.11372287196957,164308,166.77196980530147
155953,18064,287.12550724213344,164308,124.35287514507303
25117,164308,117.66057775097582
156427,164308,128.26802608686702,162024,279.67904791577615,163529,270.54325971245953
156430,164308,113.13064291630265
156487,163670,113.84041646592303,148937,125.52664852513439
25419,164308,159.4302802247003
25440,164308,121.78728039945442
156512,164308,179.3817555890396,164063,317.5882962428684
25456,164308,192.5220804054869
25458,164308,152.08472612359313
25470,164308,146.2626507239231
156613,164308,147.8361797191834
25567,164308,184.43765196831913
156640,163844,280.60950973982347,164308,133.59337208575133
156705,164308,176.2490902353054
25675,164302,116.50436549053883
25725,164302,130.42641294246803
156812,164302,129.38395815593756
156826,164302,153.25990775362084
25784,164308,197.1098349363498
25870,164308,132.85703873598837
25872,164308,125.61497412563081
25874,164308,116.79848270366945
156998,164308,121.470107256413,163407,274.5856890510265
157003,164307,153.0401870285383,164308,151.36951347295292
157020,164308,139.5696268822899,135450,314.0376602509168
157141,164307,119.86223438037621,164308,120.53826399994931
157152,164308,148.92079942332674
26119,164308,118.50596915280867
157196,164308,150.1475955926126
157202,72241,227.85651194647096,164308,112.72937995645704
157201,164308,162.45337800061404
157218,32626,285.41379276497463,164308,130.887920136603,33374,238.446321911389
26166,164308,127.03626335673111
26305,157670,302.9121420483721,164308,173.825504031356
157510,164308,133.9650724352053
26460,164308,146.47921585860252
26466,164308,135.32145995232037,164302,142.45156300866026
157536,164308,115.08329837463425,151093,232.76943466274415,8237,250.89964639243394,8239,254.22965279457023
157650,164307,155.72119196362604,164308,154.7875762488275
157663,163463,347.0650619739749,164308,181.27064268815784
157670,26305,302.9121420483721,26677,323.80363468218974,164308,142.37451449772337,163529,283.73017419934564,161615,268.35693785755507
26606,164308,166.19528903628643
157727,164308,153.82934401888429
26654,164308,209.87334132301106
157733,164308,121.29123959133186
26677,157670,323.80363468218974,164308,192.22382932476748
157817,164308,157.4917794231626
157828,164308,182.2217584046947,53851,307.7945336087346
157849,164032,358.10300134259774,155598,315.08808068570374,164308,197.16557760749788
26898,164308,150.8785782344029
26911,164308,119.29066705123076
26914,164308,153.301255589272
157990,164084,164.15220938166019
158012,164084,298.3991781876972,164308,134.28646819854544,159823,231.79860492011298
158034,31761,313.7947631932972,164308,120.05719151354538
26993,164308,140.11862371822536
26995,164308,129.5189844448103
158105,161666,293.73183346185795,164308,153.998569387739
158198,162228,278.7464490670348,164308,175.07084144347647
158256,119795,363.88591714142564,164308,198.6107602999792,139690,395.8943666608895
158262,164308,156.31267120931827
158261,164307,130.88394994199476
158315,164308,179.86771716109595
158324,164307,120.07450125076868
158340,164308,125.41334098483223
158378,164302,158.58602454318407
158392,164308,138.73272458196232,164302,146.6157685431146
158497,164308,169.47530962549175
158519,164308,188.07793553939214
158527,164308,185.58783582798387,154696,308.7453041017519,159276,310.4007237408408
158682,164036,316.88858133933564,164308,153.91751194878654
158712,161329,133.29065346392784,164308,154.83854552073393,164063,293.43535663777294
27662,150064,338.16473553746266,164308,186.0906211876972
158796,164308,149.43729033714754
158801,164308,162.5130097290209
158869,164308,164.97042669729245,155343,325.53914543179894
158935,164308,144.1507716282678,16941,264.3261697754451
158938,164032,114.430046206636
158962,164308,114.03319394431799
27968,164308,134.4780170074101,164302,142.10338288306403
159055,164308,146.291518009168
159057,164308,179.69121856227775
28024,164308,112.91203486527891,155311,226.15424769468635
159178,164308,157.38328690913542
159268,38130,314.1740018571821,164308,192.57429894348576
159276,164308,134.11856213281115,158527,310.4007237408408
159294,164308,159.53426972960622
159340,163408,297.3935823116332,162215,270.60568696135755,164308,145.65885328063064,163435,251.4781027047802,1919,303.50207812114763
159365,127363,280.42451246725784,164308,123.46254133528409
28350,164307,118.64304084200361,164308,119.20639357116511
159438,164307,72.36019339836395
159436,164308,153.46160357533262
28390,164308,174.15819811406743
28416,164308,115.85253386516773
159587,164295,316.97481588645843,164308,151.67294793769136
159679,164302,113.43452750089246
159687,163844,265.15231566343033,164308,119.81180278112068
159733,164308,119.90728971289036,29293,305.2339848915146,161615,244.90238233438558
159758,66292,284.9190722748229,164308,171.99915361476948
159767,164308,161.95204214108523
159823,161233,283.92373677570447,164308,116.49805789046059,158012,231.79860492011298
28771,164308,123.74621141523703
159922,164302,117.605541005858
159931,164308,144.85815132177297,130040,260.7427636102408
28915,164308,136.26047397702538
160010,161666,269.3910844399239,164308,131.42106993286893
160008,164302,130.2816694257403
160019,164308,155.7188276378096
160100,164308,132.57394470452527
29143,164308,115.49725925548493
29157,164308,157.12610601514777
29170,164308,144.95376014239795
160280,164308,126.10786385966178
160337,161920,245.31682103502567,164308,151.86687447161412,20667,348.8383732737793
160343,164307,125.28276789345857
160358,162689,175.42908247028674,164308,183.54632193614387,160856,307.15030284554194,161721,296.3376895409334
160359,164084,293.9218225196627,164308,130.3911649500558,27,294.18326612733557
160357,164308,124.55176590218967
29293,164308,196.82867480014886,159733,305.2339848915146
160364,164308,156.92199659992096
160371,164308,146.03357723388382
160416,164308,162.1120516475101
160438,164307,190.8002796359578
160473,164302,132.02424315996905
160507,164308,164.969222585711
160509,162352,273.852612064039,164308,143.6710125714964
29464,164308,117.63117555260204
160551,164307,162.60446824732293
29493,148598,310.6177925846961,164308,152.45771968781577
29522,164308,183.61909423533734
160596,164308,172.39838462708653
29529,164308,139.2489440099913,29902,253.81606996664792
29538,164308,131.14165731346725
160662,164308,130.10815149775814
160668,164308,134.19277994777573
160688,164307,127.96484900206804
160708,164308,121.58226552711476,164302,127.38802094419177
160723,164308,149.20303235122995,155557,325.17927718403035,163013,279.1104430970926
160720,164308,123.49285246425225,163513,261.2135518687465
160747,164308,127.24133244966643
160745,164307,152.58665558581848
160775,164036,315.61981369598345,164308,151.80345846832876
160789,164308,155.1225669963131,6349,321.84294510612983
160794,164308,156.91976100579163,67062,339.81528058831645
160797,164308,170.63303213959492
160807,4262,246.80367591499544,164308,123.38592067507192
160847,163494,244.14397748342122,164308,132.35184729064156
160856,162689,133.16923247134974,160358,307.15030284554194,164308,134.3401688454005,162636,241.87066401613154
29835,164308,122.64093272837697
160953,164308,124.65383579814221
160969,164308,135.83659773706702,29902,251.15472303825013
29902,164308,127.01442262142471,29529,253.81606996664792,160969,251.15472303825013
161011,164308,124.74752680986532,34762,124.85073854823156,163917,234.63430477747696
161009,162276,291.26273336477,164308,198.15652636790014,163897,315.9715314096002
161072,164308,168.1980189415186
161083,164308,139.47164462697026
161109,11972,285.0788310973157,164308,157.3751860915745
161118,164302,133.1638322331451
161126,164308,112.1082771126466
161165,164308,173.6067425928387,106429,299.4910402149137
161191,6497,283.08142085223784,164308,153.5170790185858,5003,327.905630451766
161222,164308,118.58927388541096
161233,164308,185.89305142336204,159823,283.92373677570447,138029,338.65071544952866
161243,162352,277.0255120622024,164308,144.95046196919031
161256,164302,154.06198544411407
161292,164308,118.55658337563305,60647,273.96703952046425
161304,64720,283.0108056071631,164308,112.28732385585423
161329,158712,133.29065346392784,164063,165.51040506341226
161354,164302,121.25817479398414
161394,164308,130.17470122525143
161446,164308,175.9660007967451
161466,164032,163.79040525584585
161477,164063,165.7400479488585
30411,164308,169.00825614956503
30415,164308,140.1271032055425,163429,263.2403275468587
30424,164308,122.40015350254147
161559,164308,175.28475961886272
161584,164308,145.4562376499563
161611,43489,259.24827129212395,164308,134.55711851028073,42746,256.46464047274804
161614,164308,143.1395600326844,164302,132.64667497885551
161615,157670,268.35693785755507,164308,140.82176928315033,159733,244.90238233438558
161634,163729,255.22851338283516,164308,147.17551052323734
161666,164308,159.77823611225608,160010,269.3910844399239,158105,293.73183346185795,138029,309.8813122138098
161677,164308,172.8132254092831
161708,164308,152.41196992206494
161721,160358,296.3376895409334,164308,123.6287944772542
161730,164302,122.90829192004875
161773,34374,336.0939723324295,164308,183.47067842390717
161785,164308,132.91809878980504
161795,164308,198.3916462442709,163336,391.76764850590314
161798,164308,138.5449606403261
30793,164308,147.9178381576094
161881,134899,233.8889849764373,164308,127.45720841074733
161884,164276,114.41588971283737,164308,110.78757473025216
161899,164308,151.97261983076552
161913,164308,128.35813696925024
161920,160337,245.31682103502567,164308,115.27208161820735
162011,164308,128.90896033898,162501,309.78055756188576
162024,164308,165.31738195063184,156427,279.67904791577615,124367,298.4132577517342
162032,164308,178.21487721918035
162051,164307,156.23506866835532
31036,164308,118.40222133230284
31039,162276,242.5743803192128,164308,153.8792951861632
162127,164308,180.02489585086886
162128,164302,143.60329075838018
162133,164308,83.1929170043881,163509,154.99503023727314
162158,164308,184.2736817009128
162163,164308,151.36406940229156,8605,261.58190475953506,8607,304.42122947759395
162215,164308,141.2500013017264,159340,270.60568696135755
162213,164308,118.47172260099833,164302,125.06473525044926
162222,164308,117.34986473258066,162636,225.79424613491435,2351,131.20603852784308
162228,138432,272.74312777307176,158198,278.7464490670348,164308,119.83000093159026
162276,161009,291.26273336477,164308,118.90929495583494,31786,217.91769336946595,31039,242.5743803192128
162298,164302,161.78186922751834
162297,164308,117.2592999873054
162319,164308,188.2808823781009,112729,314.14925668132065
162325,164302,139.35659165990202
162331,164308,134.0166570474599
162328,164308,131.22098008162573
162336,164308,146.19075764327172,138797,293.8688578831632
162351,164308,154.77810025303611,162764,267.67716736371113
162354,164308,143.47036340317123,14588,246.36624087114984
162352,19842,308.767892331034,16850,249.10731674273643,112388,250.76611007777402,146407,120.72571376534611,164308,142.32547005466964,161243,277.0255120622024,22846,282.31850354698724,160509,273.852612064039
162386,164307,169.54874290855003
31317,164308,125.8454117700054
162392,164308,133.29893166959394
162397,164308,122.20168950697128
162400,164308,127.21311127189126,148973,256.0069577971207
162416,164308,153.06233607590912
162435,164308,144.80380202696878
162460,164308,150.40191419058283
31399,164308,196.6299977077886
162501,155846,300.32465311599816,154375,338.922104007132,14704,289.66068716403475,164308,193.1799842384924,162011,309.78055756188576,147422,339.4264816391842,16958,332.3285082924185
162506,155126,264.97338540428524,164308,148.1109477984625
162521,164308,132.38869097895596
162535,164308,150.53606229774633
162562,164308,162.11158866234123
162596,164063,194.77693203567247
162632,164063,239.08981320645313
162636,162689,114.66929542745272,164308,126.6616841414224,160856,241.87066401613154,162222,225.79424613491435,131020,240.71693062530605
162662,163043,311.1911722425092,164308,166.51068172929791,22910,267.246244518449
162660,164308,179.0441494390824,163640,323.7177799377031
162664,164308,172.8490343269043
162672,164308,145.37327778518707,23321,305.38691272194654,24815,293.11372287196957
162689,160358,175.42908247028674,160856,133.16923247134974,162636,114.66929542745272
162764,164308,128.0770639087167,162351,267.67716736371113
162775,1922,272.26589054554546,1924,281.47028136116813,164308,163.472185325345
162808,164308,165.0721852180134
31751,164308,127.9115679348149
31761,158034,313.7947631932972,164308,204.546621835934
31786,162276,217.91769336946595,164308,124.63282906884663
162873,155040,338.70888936455765,164308,172.15509601862726
162919,34532,273.33003528097294,164308,150.1004935602066
162917,163463,280.7350103026555,164308,123.10917293415596
162937,164308,194.0691360693154
162947,163172,301.0947326848771,164308,167.14777713064868,148296,271.0056024073302
162959,66320,375.35765007299466,164308,174.5972026306285,143867,322.74081463743977
162963,164308,140.59758647263527
31937,164302,120.94753177587951
163014,164308,131.9879123576711
163013,160723,279.1104430970926,164308,145.44254889124736
163018,164308,167.78243194365936
163021,164308,138.7966041984934
163028,164308,146.0698584217815
163043,162662,311.1911722425092,164308,160.11675885390468,148973,289.5947124783541
163059,164308,164.92429238122537
163077,164308,168.56356261231613
163107,164308,147.00582140830312
163105,164308,162.80256882583757,164302,171.1380062148196
163115,82391,140.3161161528624,164308,190.26673529717362,79037,319.5732356314901,163935,135.31847577369146
163130,2369,277.69383317209537,164308,141.3791171488051,125279,318.81786675132605
163136,164308,177.87952938871575
163140,164308,125.83398065499817
163141,164308,121.76788019962129
163157,164308,126.44048270668951
163172,162947,301.0947326848771,164308,150.62221755842296,154088,262.27159884101684
163181,164295,329.1674183499268,164308,167.5231125331292
32122,164308,159.0186398015568
32218,164032,350.6030728563419,164308,187.70654481223806
163323,164308,159.3849855702652
163336,163538,337.4328781876746,161795,391.76764850590314,164308,203.5973990455202,163437,304.950847436604
163348,164302,153.4872799524455
163399,164308,151.05046950384846
163407,156998,274.5856890510265,164308,164.424954932969,143327,282.8904404777278
163408,164308,165.3065076786469,159340,297.3935823116332
163424,164308,170.57638175979224
163428,164308,118.97883525879168
163429,164308,138.64019729293318,164009,253.02018742992394,33404,327.1255686996936,30415,263.2403275468587
163435,164308,123.72450751483066,159340,251.4781027047802
163439,164308,171.88459752381524,164302,182.57609538103526
163437,164308,118.84360330558961,163336,304.950847436604
163458,164308,147.8873125817127
163462,164308,160.87982994626168
163463,56544,297.321344419474,164036,346.2257115487225,162917,280.7350103026555,134987,318.992784903174,146159,361.9813724367742,144243,357.4866253684185,153488,359.921330329695,146198,348.28475843092406,140948,352.6150406226568,164308,177.4920139926858,58040,276.9112135597604,157663,347.0650619739749,77116,272.48848305241376
163461,164308,152.4291547962182
163471,4485,255.9767828409167,164308,132.1947445436477
163487,3395,297.0154628308577,164308,140.2244759489032,4893,114.62525062781
163494,164308,136.82662497431488,160847,244.14397748342122,5647,245.14200539346785
163506,164308,152.61374442670882
163508,164308,131.2786673617435,51593,293.5104880271057,154696,247.00455068036837,147295,257.6440232227614
163509,164308,184.83352112387763,162133,154.99503023727314,164302,195.98531914710367
163513,160720,261.2135518687465,164308,154.95046657000452
163518,22660,154.32248172285736,164302,178.9930490760316
163525,164308,142.5797538578219
163529,157670,283.73017419934564,164308,157.52288471545333,156427,270.54325971245953
163535,3107,301.3154166749727,164308,174.12589074659368,2359,313.5922378298688,3855,280.60286390102493
163538,164308,144.66556701908002,163336,337.4328781876746
163539,164308,165.14238676434587
32472,164307,197.60271013215936
163549,164308,125.5510958408845
163556,164308,164.99151791773758
163565,164308,124.86593068351856,147755,252.7853005184775
163574,164308,145.9642208757273
163572,164084,327.71764169184155,164308,162.8526282457223,1882,158.87287222411922,3005,172.4703319653712
163584,138977,253.85483453998228,146967,221.41897935500154,164308,130.02867387720136,38519,292.68756029787244,35896,263.53901332216043
163600,164308,142.20039336732899,153621,255.98591808506353
163642,164308,156.85916787900965
163640,162660,323.7177799377031,164308,158.07476009432017
163664,18805,288.0640653542443,164308,124.21362286504721,18058,325.3219633538609,17311,236.54987027090732
163670,156487,113.84041646592303,164308,131.93272909317864,148937,236.2380661006179
163668,164308,129.11565487746373
163683,164308,161.40590682637804
163691,164308,157.81475497910165
163692,164308,197.10237462388253
32626,157218,285.41379276497463,164308,167.2960849889807
163697,164308,123.31933378205959
163711,164308,144.63951900128689
163725,164308,160.2147503791579,164302,169.43917051757884
163729,161634,255.22851338283516,37890,213.62146566274097,164308,125.22462920504312,38638,240.4395337787637
163738,164308,126.77097364321568
163750,164308,147.32078549582005,23321,309.8501697741429
163833,164308,149.51272732888847
163836,164308,171.72193587250442
163844,156640,280.60950973982347,159687,265.15231566343033,164308,160.086949733131,49768,274.07058788379993
163850,164308,155.2913536157488
163856,164308,133.53593474102422
163897,161009,315.9715314096002,164308,134.11482166519406,155397,275.36088951298126,32906,256.2800216630474
163914,164308,173.98724125426332
163916,164308,154.16953671441973
163917,161011,234.63430477747696,164308,129.57628775716486,35512,323.9712188829528,34762,114.26258181221357
163935,164308,85.29927757735162,163115,135.31847577369146
163950,164307,197.9834942401099,164308,193.6322634868763
163962,12403,269.6563017978728,11653,284.9198850849761,164308,148.45174626734016,10907,297.5191664126361
163965,164308,127.28330336177511
163972,164308,133.27260523044825,22910,233.47284636906346
163978,164308,139.27208737326256
32906,164308,139.09639312594666,163897,256.2800216630474
163984,164308,137.25919849948343
163989,164308,160.9801179029327
163997,164308,139.11337314301207
164002,119312,292.732666181332,164308,135.0503729991263
164009,164308,135.13971921985964,163429,253.02018742992394
164026,164308,135.51755904142573,37367,247.21845082222404,38489,309.8701035000841,40366,326.72258365665425,39615,297.49874148839626
164030,164308,130.49528127205457
164032,155410,112.7335108771961,37090,128.39533711196546,164308,170.7674205295429,40455,158.33460601561984,161466,163.79040525584585,158938,114.430046206636,32218,350.6030728563419,157849,358.10300134259774,141993,184.9033517191801
164036,52818,293.40119337551243,53572,307.74446758741186,160775,315.61981369598345,163463,346.2257115487225,164308,180.70297369191633,158682,316.88858133933564,69279,358.2690077082899
164051,164308,135.4578022769125
164059,164308,133.7180835208506
164063,16162,319.8081392999984,156512,317.5882962428684,164295,312.3848740708297,162596,194.77693203567247,161477,165.7400479488585,19528,277.03434844148865,162632,239.08981320645313,138319,308.7492229558921,20270,224.46666352756438,17266,167.49086569018436,161329,165.51040506341226,15412,345.0750537111495,129909,310.91627478595433,164308,149.90359264685415,158712,293.43535663777294,21758,154.00519893200266
164082,164308,174.65586938557757
164084,5984,224.47246446172954,100608,159.64081014017276,132006,196.4122965325375,157990,164.15220938166019,147655,280.10444819330286,160359,293.9218225196627,134564,159.67012733518987,154315,117.72413070044128,163572,327.71764169184155,164308,177.36862416278925,1882,171.94051387664422,3005,160.42194411735736,158012,298.3991781876972
164165,164308,165.30742349494426,164302,174.50256233360528
164174,164302,196.88407597054277
164176,148577,305.59654248944895,164308,154.66994842041694
164183,164308,151.15330293859893
164213,164308,180.67416410844618
33155,164302,118.68701180871923
164276,164308,66.04283441062027,80950,157.29793812144004,161884,114.41588971283737
164295,159587,316.97481588645843,21380,312.47188925704324,21000,284.31858807558484,13865,297.5412448629107,147755,311.73078091397394,163181,329.1674183499268,22129,289.89434643860614,17266,147.79899036114634,13875,281.91600201553,20629,290.89466808539834,164308,177.72470313735673,164063,312.3848740708297,12765,310.7350386836973
164302,138499,149.8889486472737,147712,175.32488732332112,33155,118.68701180871923,113030,129.67524837221256,151307,123.3220913190237,10377,141.39266252108027,9609,128.11010255328392,160008,130.2816694257403,136713,143.43108976526256,18574,135.74732551497905,156812,129.38395815593756,20878,124.2520664675395,15119,118.58933412150085,163725,169.43917051757884,5904,120.5470949059314,15249,130.92716687904104,12947,148.45829940734987,10643,133.673435001641,5141,122.17181421621193,163348,153.4872799524455,662,125.64980078722454,162325,139.35659165990202,141973,146.6206796619784,156826,153.25990775362084,9625,135.57718996176186,18205,152.31031970426375,18590,124.17388892323748,148253,129.44251329835532,92194,166.57381857405903,163105,171.1380062148196,106146,155.42893591302942,11812,114.38500926509336,162213,125.06473525044926,158378,158.58602454318407,9897,135.91083868513692,11946,204.94852907760233,20779,131.59984717882529,17452,124.06172357352615,12588,147.30059611079332,159922,117.605541005858,11825,136.99002177235263,153520,133.63668581570641,11444,114.5865796776771,163509,195.98531914710367,22968,160.47453508777517,146491,115.06781084958585,16313,137.42041439995378,158392,146.6157685431146,163518,178.9930490760316,159679,113.43452750089246,27968,142.10338288306403,161730,122.90829192004875,31937,120.94753177587951,5828,131.7560941083046,160708,127.38802094419177,164165,174.50256233360528,161354,121.25817479398414,154184,121.52987110614795,12618,157.91557270848298,25675,116.50436549053883,161614,132.64667497885551,164174,196.88407597054277,12877,113.46254943018161,34637,133.41163348380655,20049,113.77395173089823,162128,143.60329075838018,164308,71.33079945340675,8791,121.03600586780503,10074,168.03228890368229,160473,132.02424315996905,161118,133.1638322331451,6237,122.63546180953684,19295,156.82337274780957,26466,142.45156300866026,117475,124.4956364712342,153185,142.0493371081161,161256,154.06198544411407,7659,125.38338070713314,14444,140.67648821080806,134767,116.60069138711306,163439,182.57609538103526,14446,136.243556299214,6255,174.0391385444392,13681,128.76647305481208,9970,176.67097694035007,19700,147.2903133820612,21622,133.04370345361014,9975,142.7624777995928,151541,184.60189846018548,1400,136.41652039878088,162298,161.78186922751834,13304,113.65435980414092,12153,120.43258148156781,25725,130.42641294246803,10749,163.68992034334588
164307,162051,156.23506866835532,138371,164.66962643917083,71426,123.2227791479961,73610,148.61222406513508,65039,135.17955611013454,146579,157.44041419846351,78480,113.75043369426548,65428,132.52003573346207,123924,123.3311903253423,75545,114.37091411933771,42137,163.07906968328788,76955,122.23129504371346,39196,177.6018918932168,43294,201.51844062546917,134685,158.46603533014886,72862,113.31008363323879,49312,175.5905608795525,39459,114.86235954216218,160551,162.60446824732293,79657,145.86403387571656,48049,145.77187557613112,160688,127.96484900206804,144433,153.8375171593989,74037,116.14382326325578,160438,190.8002796359578,68788,125.09423981281465,65716,132.87739481247675,36789,134.76378334408756,158261,130.88394994199476,81849,127.2355012505688,155583,156.19275354219013,28350,118.64304084200361,145597,120.91935695535916,80704,121.41311651427144,96578,165.6991092203902,51139,174.90436617694826,65730,134.25970098958547,73926,193.00223976750462,78534,127.43550969226416,49863,126.87199739649876,56392,189.5574443931641,154186,120.14546220140241,142282,154.79487446838192,157003,153.0401870285383,42570,155.37948229456705,47819,152.94451549837527,159438,72.36019339836395,70990,114.90520923629532,146514,154.69609901183927,162386,169.54874290855003,122449,116.34598816496342,157650,155.72119196362604,37713,216.79782970834944,70992,114.51328475108483,45009,132.72321505252205,47442,158.80499127861552,35412,165.65347762239483,160343,125.28276789345857,71767,125.34952630576466,164308,77.64551893005923,157141,119.86223438037621,32472,197.60271013215936,51416,179.19707737098375,41817,169.9452369013777,58585,166.26923822504523,77786,130.25331209238297,72545,140.7004210311203,62435,125.40047908336986,77416,134.4170010248963,160745,152.58665558581848,91626,130.3930277265029,163950,197.9834942401099,39148,207.92025758649777,71020,132.2422902820986,116079,208.43800591057192,68337,128.7100189087426,155763,125.99952866417384,72179,134.83116052808657,115187,127.19935173682612,148598,163.10267139056526,158324,120.07450125076868,63478,133.3146087452341,47738,153.4414430980542,48890,151.0457339661588,72061,180.99482865468596,40318,167.62203582982542,72063,167.18680905335336,80382,127.42798702672194
164308,161795,198.3916462442709,161798,138.5449606403261,163844,160.086949733131,75782,182.99158093820984,163850,155.2913536157488,159758,171.99915361476948,149517,161.63392603370266,163856,133.53593474102422,18451,174.05861993757617,159767,161.95204214108523,153621,130.92499997716558,69658,184.67047178730317,27,178.71721277984108,157727,153.82934401888429,26654,209.87334132301106,157733,121.29123959133186,8237,154.54147114044713,8239,154.85117128226418,26677,192.22382932476748,24630,120.10825351539451,163897,134.11482166519406,24642,179.83075041814377,163914,173.98724125426332,30793,147.9178381576094,51276,117.40477198046375,159823,116.49805789046059,163916,154.16953671441973,163917,129.57628775716486,82000,165.0692032634326,16470,196.87603439960236,73817,115.94575304952915,112729,136.46271874993212,161881,127.45720841074733,151646,141.69965080480867,34908,112.08887762246664,43101,165.1484682870054,39005,160.7632422435317,163935,85.29927757735162,161884,110.78757473025216,28771,123.74621141523703,161899,151.97261983076552,16491,124.05171403641292,12395,163.9073865261656,163950,193.6322634868763,155763,126.02454067528716,12403,140.30556795499945,20598,179.0272460382438,163962,148.45174626734016,63609,126.25927226561488,116859,148.28780532976097,157817,157.4917794231626,161913,128.35813696925024,36988,218.98029409067124,63613,150.04982965589392,163965,127.28330336177511,161920,115.27208161820735,157828,182.2217584046947,163972,133.27260523044825,163978,139.27208737326256,32906,139.09639312594666,4234,192.42094374250098,163984,137.25919849948343,139414,163.63740424024164,20629,131.3502172087494,75924,161.67469548572024,163989,160.9801179029327,157849,197.16557760749788,147612,118.07062824914702,4254,191.51455705598062,163997,139.11337314301207,164002,135.0503729991263,12450,132.6738067802084,12453,131.7869744256238,4262,137.78985765968991,55465,116.85454461760838,145576,148.42521128735746,164009,135.13971921985964,151727,186.3617174532392,8367,159.26338769287767,164026,135.51755904142573,159931,144.85815132177297,20667,210.30067993643587,92349,196.61463394599255,164030,130.49528127205457,151747,186.14936898722178,125123,131.66003672614426,164032,170.7674205295429,155846,119.7494673241061,151748,117.92099457467324,143556,143.03257275795437,164036,180.70297369191633,73926,191.3259592497711,108746,157.91663194398262,123085,191.5677436280763,35021,117.03666796976192,6349,179.55408768523537,164051,135.4578022769125,137430,174.66095543448498,20693,162.30841764828133,24791,175.52181850442366,51416,178.02935195012012,162011,128.90896033898,164059,133.7180835208506,49371,117.10411384701061,164063,149.90359264685415,63713,119.81479506674616,6371,118.61201883466646,162024,165.31738195063184,24815,166.77196980530147,164082,174.65586938557757,162032,178.21487721918035,28915,136.26047397702538,164084,177.36862416278925,14588,117.89508564722482,10495,149.23750755912116,14595,148.24215342551892,160010,131.42106993286893,37132,170.15852311168769,160019,155.7188276378096,26898,150.8785782344029,151824,159.99179110322706,135450,183.91772076508846,26911,119.29066705123076,26914,153.301255589272,151850,191.0267463683095,147755,146.52686574972543,35114,142.42769879256497,2347,172.8285995807076,57644,140.31529505383742,10543,139.21326888195202,155953,124.35287514507303,2359,150.70129614284238,35130,126.86721047620685,31036,118.40222133230284,18749,170.47674519172205,22846,149.73134970739684,158012,134.28646819854544,31039,153.8792951861632,2369,149.08010329956338,96579,148.32197733632424,53572,138.55551615013655,164165,165.30742349494426,151880,184.7918099203681,162127,180.02489585086886,158034,120.05719151354538,57680,127.20501017775058,164176,154.66994842041694,164183,151.15330293859893,162133,83.1929170043881,74070,201.1192048181393,39256,133.16578348559932,125279,188.96540135050262,61792,149.48756404501282,6497,144.70437252161454,160100,132.57394470452527,65899,130.26018376713597,162158,184.2736817009128,61804,167.1058047164029,14704,118.7017681373422,26993,140.11862371822536,162163,151.36406940229156,26995,129.5189844448103,18805,183.25775090146672,164213,180.67416410844618,22910,116.21971350637305,74111,217.85703670034593,78209,129.30144574515654,127363,173.74863068916542,4485,142.73775227124813,51593,179.75839584796168,6538,118.06081920504016,18829,195.49080746864513,70032,148.84789119454558,10643,127.10174644477758,22936,169.86058109018214,158105,153.998569387739,90525,127.23189939354145,8605,125.13171828691853,8607,165.2316481974163,55714,144.30931391117645,162215,141.2500013017264,162213,118.47172260099833,139690,208.59015302063108,162222,117.34986473258066,162228,119.83000093159026,164276,66.04283441062027,22968,151.64252082438063,65976,152.15467918707105,55745,211.6417581433676,164295,177.72470313735673,117193,149.8956910321819,164302,71.33079945340675,74188,133.60347637901887,20942,178.451153189513,147923,122.94777639880299,8657,169.16575652773278,164307,77.64551893005923,131536,141.8635441668321,16850,121.46924122270953,29143,115.49725925548493,12765,145.00489377333224,143843,131.1335956761141,43489,136.7996782406434,29157,157.12610601514777,68068,152.57067667094864,162276,118.90929495583494,16872,155.7762603972533,147944,208.44562872168288,154088,125.39249696409644,20972,177.199180321839,16880,159.32051720357885,29170,144.95376014239795,12787,130.7356359640323,158198,175.07084144347647,37367,131.07807999762906,68086,154.57385023459102,143867,159.65303384830725,4603,182.75001959405472,162297,117.2592999873054,72186,125.0791536369892,20989,179.7601110225642,510,122.8727145513982,51714,114.61366341872679,20998,137.9059102382065,12807,120.58488137067849,21000,123.49649140515562,12809,136.08483112593092,162319,188.2808823781009,37389,126.76648537698422,59918,152.75918150159075,119312,176.5089207432971,162331,134.0166570474599,160280,126.10786385966178,162328,131.22098008162573,152095,165.51035807275244,25117,117.66057775097582,12831,146.67791374182536,162336,146.19075764327172,39459,117.78152563279136,12837,171.56871914855193,162351,154.77810025303611,16941,133.4337294069413,162354,143.47036340317123,72241,130.17765800858692,150064,161.46691356835407,158256,198.6107602999792,162352,142.32547005466964,16947,152.8565096680993,158262,156.31267120931827,37433,130.3138697583684,16958,151.06885458449557,64066,120.30261202357278,68162,191.54283873844537,125520,165.9208449316441,160337,151.86687447161412,80466,130.12719787249083,35412,164.82782406923405,6740,169.68491876173204,31317,125.8454117700054,80468,189.3109250780975,53849,148.86206197370225,162392,133.29893166959394,53851,139.65147244336245,33374,122.78122860191046,162397,122.20168950697128,162400,127.21311127189126,160358,183.54632193614387,160359,130.3911649500558,160357,124.55176590218967,49768,129.0993528922074,76393,197.10316507253867,158315,179.86771716109595,115309,132.5187060276442,29293,196.82867480014886,160364,156.92199659992096,160371,146.03357723388382,23154,206.385667482054,162416,153.06233607590912,146032,117.2562025177608,82546,189.9816298089151,33404,201.14167822611927,137858,131.64640821732087,162435,144.80380202696878,33411,137.51792235307965,158340,125.41334098483223,14983,117.23576763743011,57993,168.88904984697308,45722,146.13742517330837,10907,169.53429621053948,162460,150.40191419058283,160416,162.1120516475101,80548,184.99588494019207,31399,196.6299977077886,35500,142.41601183662388,19117,166.11482691312412,19123,159.93164868068763,154293,123.3999946831595,35512,212.25549208158918,58040,116.81605125069814,158392,138.73272458196232,39615,180.12014813781215,152256,144.10233044280372,162501,193.1799842384924,162506,148.1109477984625,58070,171.78029734946708,135899,189.67937596294536,162521,132.38869097895596,154338,140.07771367911477,70370,117.90482738470952,162535,150.53606229774633,131818,189.6940058098856,146159,196.91417277268746,140018,195.41323539452162,127733,130.49412111215588,66292,129.8230442998033,131828,205.39510714169884,160507,164.969222585711,160509,143.6710125714964,162562,162.11158866234123,19203,163.57350958625105,154375,154.9081102303245,66313,156.29830160786122,156427,128.26802608686702,156430,113.13064291630265,66320,211.03780274684416,135955,141.3276558833288,146198,183.25851434636795,29464,117.63117555260204,23321,176.38223825674888,43806,175.7033610483674,158497,169.47530962549175,43816,165.05200120659984,142126,198.6177545096009,138029,167.53915806350983,158519,188.07793553939214,29493,152.45771968781577,56117,116.17320841188086,158527,185.58783582798387,39744,150.93428005523145,148296,124.87385478749553,25419,159.4302802247003,9038,130.11625164572396,162636,126.6616841414224,33617,175.27818571967904,29522,183.61909423533734,160596,172.39838462708653,29529,139.2489440099913,25440,121.78728039945442,29538,131.14165731346725,156512,179.3817555890396,162662,166.51068172929791,21350,167.09122013618313,162660,179.0441494390824,21354,141.55272587146135,162664,172.8490343269043,25456,192.5220804054869,144243,189.07785469323963,25458,152.08472612359313,162672,145.37327778518707,129909,173.01192588302555,4982,184.9611669870809,64378,200.32874091995882,142201,135.91456350970242,25470,146.2626507239231,21380,148.62112906751076,17289,184.57838678869334,5003,185.254875957236,121745,188.16373032297793,160662,130.10815149775814,64412,159.25296384534616,160668,134.19277994777573,17311,132.95280737965558,35762,118.76792337368333,99257,129.89413907479369,146370,158.04620326207933,21441,164.16681963248243,46018,114.79780578400573,160708,121.58226552711476,156613,147.8361797191834,46026,123.00300524466935,50123,160.68189188565032,162764,128.0770639087167,160723,149.20303235122995,160720,123.49285246425225,162775,163.472185325345,158682,153.91751194878654,25567,184.43765196831913,156640,133.59337208575133,54249,157.21423221413755,160747,127.24133244966643,58347,117.21077682307454,37870,144.48877330072804,37871,178.09092671231505,3058,158.55479951543438,152560,120.75190969624111,119795,176.65754121494797,41974,126.73763618332801,130040,128.50093852415105,158712,154.83854552073393,162808,165.0721852180134,11262,190.19890680424064,113662,172.0008613237409,62465,130.5574476685738,33794,137.54778352013952,160775,151.80345846832876,31751,127.9115679348149,27662,186.0906211876972,119823,179.8847620318754,31761,204.546621835934,160789,155.1225669963131,160794,156.91976100579163,160797,170.63303213959492,50210,180.69401396218328,156705,176.2490902353054,3107,140.2036952152879,160807,123.38592067507192,31786,124.63282906884663,50220,116.49810162807657,144433,154.30558710011636,15412,205.13168074489278,35896,151.6433434763652,162873,172.15509601862726,58428,120.52726968860566,19528,141.99987039401614,7240,138.90966549138548,154696,133.85764485740293,138319,172.1148707172487,160847,132.35184729064156,158796,149.43729033714754,7246,159.32646557998027,158801,162.5130097290209,70745,172.73617942930062,160856,134.3401688454005,154723,163.07486831883577,148577,165.42904747468094,162919,150.1004935602066,162917,123.10917293415596,134250,158.93558873483028,121962,112.47619890238465,78957,117.37169763325016,78961,182.88110457648088,15473,122.40058659173933,15475,122.52728153883248,148598,165.31012870428944,19577,151.35142579469502,162937,194.0691360693154,13441,130.84854635369067,162947,167.14777713064868,44166,118.19015134001098,70794,124.33749948114666,29835,122.64093272837697,162959,174.5972026306285,162963,140.59758647263527,78994,152.07356272955715,154772,181.5070182079355,158869,164.97042669729245,17567,152.7977722647787,40100,124.68571461884382,152755,150.60821291462068,115895,117.10115907804266,25784,197.1098349363498,160953,124.65383579814221,79037,139.17726776395548,1212,126.34696392849342,138432,171.2051305752974,163014,131.9879123576711,128196,139.34579113199732,163013,145.44254889124736,163018,167.78243194365936,160969,135.83659773706702,29902,127.01442262142471,163021,138.7966041984934,113873,163.28562147623754,64720,188.19188601228103,158935,144.1507716282678,44246,192.9673893768779,163028,146.0698584217815,68828,154.07232772253624,60638,164.3514693425587,56544,135.2852857258696,163043,160.11675885390468,60647,175.5404480598066,21739,162.42084074497723,142578,159.2982407619849,158962,114.03319394431799,161011,124.74752680986532,163059,164.92429238122537,38130,131.18390632002902,150768,151.48070138276364,161009,198.15652636790014,113909,135.49589671624656,148725,127.46638553753056,79097,189.04122551799188,5371,188.25038821377672,120062,155.98369907313992,34047,116.63735620451565,154884,136.4609668181467,163077,168.56356261231613,25870,132.85703873598837,25872,125.61497412563081,25874,116.79848270366945,154911,173.74861369233005,17695,162.58824771407694,163107,147.00582140830312,163105,162.80256882583757,163115,190.26673529717362,154921,123.37715976038524,21806,145.89665821890912,161072,168.1980189415186,163130,141.3791171488051,161083,139.47164462697026,77116,115.2004991946729,27968,134.4780170074101,163136,177.87952938871575,46402,126.52088564892895,3395,174.25880882330574,156998,121.470107256413,163140,125.83398065499817,163141,121.76788019962129,157003,151.36951347295292,159055,146.291518009168,19792,142.18177481342022,148816,128.49940750617577,159057,179.69121856227775,163157,126.44048270668951,11607,137.35931274529975,161109,157.3751860915745,15709,211.1711395994549,157020,139.5696268822899,42334,192.5838550673314,54623,203.29410879119203,161126,112.1082771126466,163172,150.62221755842296,3431,140.90214512121,111977,120.59150230590966,38249,179.4877431866119,163181,167.5231125331292,28024,112.91203486527891,122233,167.6362218910877,32122,159.0186398015568,148857,178.88905176437734,38268,207.6526905182902,15745,166.5524585215522,19842,176.27974465598567,11653,154.50976481434975,15750,168.97680663082247,161165,173.6067425928387,46486,160.15565145083153,155032,192.5502640570572,36257,118.74960716306572,155040,177.14165906835038,50596,114.37581258148603,142759,145.41814170028204,161191,153.5170790185858,40366,207.92859863981286,3506,203.36161147134717,161222,118.58927388541096,136647,177.93953899873384,67015,116.26848210116778,159178,157.38328690913542,148937,122.89170632202381,124367,146.9909347215299,140752,165.44403925392805,161233,185.89305142336204,19926,117.84885405368411,155093,131.89960638407575,157141,120.53826399994931,161243,144.95046196919031,32218,187.70654481223806,153054,180.38279805836575,157152,148.92079942332674,40423,136.75908793006002,7659,120.15240222611699,153065,138.77231300360955,148973,147.84262958842675,77296,201.49720887118565,77299,188.9416492613294,155126,128.52708925351405,24052,159.6435000180439,144884,160.04296332904798,67062,191.0844961217163,163323,159.3849855702652,17926,133.37950098185465,26119,118.50596915280867,163336,203.5973990455202,157196,150.1475955926126,13838,124.52618829285677,161292,118.55658337563305,5647,132.80722235162926,157202,112.72937995645704,157201,162.45337800061404,17940,136.93387278935157,146967,115.33231668665294,161304,112.28732385585423,144921,138.78318041246848,5659,190.88376562752342,52764,127.7333149228898,157218,130.887920136603,56867,134.69911435225748,52772,116.88720248304244,159268,192.57429894348576,13865,134.35522468019167,159276,134.11856213281115,138797,161.33079880715985,13875,118.23490611051703,40500,170.06365121227665,26166,127.03626335673111,151093,133.9764921024887,60985,157.50596984132395,34363,117.92114228627861,159294,159.53426972960622,163399,151.05046950384846,34374,166.54138897880995,163407,164.424954932969,153168,189.53054202578875,52818,124.38146483693463,163408,165.3065076786469,38489,193.71502689326917,9818,137.12700193533126,163424,170.57638175979224,52835,166.990849216312,163428,118.97883525879168,163429,138.64019729293318,163435,123.72450751483066,163439,171.88459752381524,159340,145.65885328063064,163437,118.84360330558961,161394,130.17470122525143,22129,127.0337814213034,38519,179.49651160499056,155257,204.00871995183303,163458,147.8873125817127,155265,188.09420684986566,81541,178.03183123260138,163462,160.87982994626168,81540,161.00869199333528,163463,177.4920139926858,159365,123.46254133528409,163461,152.4291547962182,81545,125.40805446691142,18058,221.11023800617392,153225,190.32765112443772,163471,132.1947445436477,18064,178.26062120146108,140948,188.55223604573985,9881,185.73053814537454,138904,126.79463875975715,163487,140.2244759489032,69279,190.931563276648,22180,167.74886022388353,161446,175.9660007967451,163494,136.82662497431488,134820,196.8417706823167,151210,187.63416993088077,9897,128.35396626662435,11946,194.5708667010157,155311,130.88015587478398,163506,152.61374442670882,163508,131.2786673617435,73398,177.01239123826653,163509,184.83352112387763,163513,154.95046657000452,132799,112.2824290700601,28350,119.20639357116511,81601,142.1734152442729,20161,188.3046149126912,26305,173.825504031356,153283,118.10592553061178,69312,154.55208454761157,11972,141.99269071978617,149188,126.17803746316025,163525,142.5797538578219,24264,117.70791415554396,155339,116.41234331485845,30411,169.00825614956503,163529,157.52288471545333,155343,169.3549295497674,163535,174.12589074659368,159436,153.46160357533262,30415,140.1271032055425,163538,144.66556701908002,163539,165.14238676434587,54995,168.6926309465263,155348,160.14988330396798,11991,185.9661300617691,30424,122.40015350254147,7903,119.95897260031347,163549,125.5510958408845,20192,189.87131440239258,138977,139.66348662766688,38627,171.24088993058416,34532,137.46737535894326,28390,174.15819811406743,163556,164.99151791773758,12010,152.23817845294724,59115,144.16842141452108,38638,132.97625883353143,153324,165.3520522773837,163565,124.86593068351856,134899,122.34602593527812,163574,145.9642208757273,38645,125.52294788394128,12021,193.46490383416403,163572,162.8526282457223,24311,195.41850394659923,42746,137.79914259909125,28416,115.85253386516773,163584,130.02867387720136,59139,121.54070981996476,112388,123.35670520740096,155397,160.43188291537894,12040,124.51723454390421,20234,163.85810739948056,3855,120.93894228215758,145170,174.04281173895288,163600,142.20039336732899,12053,159.8005870676271,161559,175.28475961886272,36635,133.76299721659322,50972,117.03955593944839,71457,201.4298828439824,112416,185.83002991590683,16162,183.01674601385486,7974,183.70152083159508,102182,135.56598332687764,40749,126.64689078972003,139052,120.81438764426201,79663,172.852777857473,161584,145.4562376499563,163642,156.85916787900965,163640,158.07476009432017,7996,160.8420342266656,155455,151.56412786841645,157510,133.9650724352053,139082,148.55283798311908,161611,134.55711851028073,134987,154.85512371754075,44874,126.22147640477131,161614,143.1395600326844,161615,140.82176928315033,44882,201.75541814183225,163664,124.21362286504721,163670,131.93272909317864,79703,199.0349287357044,163668,129.11565487746373,44888,200.3183236489931,10074,162.17788933537798,26460,146.47921585860252,147295,143.95735437063752,161634,147.17551052323734,159587,151.67294793769136,163683,161.40590682637804,26466,135.32145995232037,157536,115.08329837463425,100194,182.22627034556993,163691,157.81475497910165,163692,197.10237462388253,32626,167.2960849889807,163697,123.31933378205959,53111,130.70349054546958,163711,144.63951900128689,1919,169.72595449675708,161666,159.77823611225608,1922,127.25732497335042,1924,134.18854483495792,1926,191.8297753156332,151439,154.2333777186151,161677,172.8132254092831,163725,160.2147503791579,155539,125.78056292048211,153488,193.82340591035663,163729,125.22462920504312,36758,185.7999018188978,57239,200.0921857634112,163738,126.77097364321568,40858,187.28335177002853,61339,121.16840303909372,10141,151.2581299028969,61342,162.3286455102493,106401,204.4581895167427,163750,147.32078549582005,155557,186.95432941961442,49064,118.46608818328417,49068,140.81498014439325,161708,152.41196992206494,1971,185.5830037533855,36789,134.21203347450125,161721,123.6287944772542,44988,158.22981783217367,106429,136.91683819393077,14275,133.91624062352304,159687,119.81180278112068,155598,129.01853190260755,14285,157.19448752062002,131020,132.5697637273112,149453,178.8327788542478,157650,154.7875762488275,137171,181.8410964822481,6104,155.04441962743323,147422,158.1266275592721,143327,128.6238754135593,155615,197.5031628522543,157663,181.27064268815784,6113,167.6549242305749,157670,142.37451449772337,57322,197.20462825550385,151532,188.6068666544387,26606,166.19528903628643,161773,183.47067842390717,77808,182.75838049577007,69623,193.0476212534468,159733,119.90728971289036,161785,132.91809878980504,163833,149.51272732888847,163836,171.72193587250442,22527,171.64368179106168
33374,157218,238.446321911389,164308,122.78122860191046
33404,164308,201.14167822611927,163429,327.1255686996936
33411,164308,137.51792235307965
33617,164308,175.27818571967904
33794,164308,137.54778352013952
34047,164308,116.63735620451565
34363,164308,117.92114228627861
34374,164308,166.54138897880995,161773,336.0939723324295
34532,162919,273.33003528097294,164308,137.46737535894326
34637,164302,133.41163348380655
34762,161011,124.85073854823156,163917,114.26258181221357
34908,164308,112.08887762246664
35021,164308,117.03666796976192
35114,164308,142.42769879256497
35130,164308,126.86721047620685
35412,164307,165.65347762239483,164308,164.82782406923405
35500,164308,142.41601183662388
35512,164308,212.25549208158918,163917,323.9712188829528
35762,164308,118.76792337368333
35896,163584,263.53901332216043,164308,151.6433434763652
36257,164308,118.74960716306572
36635,164308,133.76299721659322
36758,164308,185.7999018188978,37132,344.55688129022246
36789,164307,134.76378334408756,164308,134.21203347450125
36988,164308,218.98029409067124
37090,164032,128.39533711196546
37132,36758,344.55688129022246,164308,170.15852311168769
37367,164308,131.07807999762906,164026,247.21845082222404
37389,164308,126.76648537698422
37433,164308,130.3138697583684
37713,164307,216.79782970834944
37870,164308,144.48877330072804,37871,310.3054283909466
37871,164308,178.09092671231505,37870,310.3054283909466
37890,163729,213.62146566274097
38130,159268,314.1740018571821,164308,131.18390632002902
38249,164308,179.4877431866119
38268,164308,207.6526905182902
38489,164308,193.71502689326917,164026,309.8701035000841
38519,163584,292.68756029787244,164308,179.49651160499056
38627,164308,171.24088993058416
38638,163729,240.4395337787637,164308,132.97625883353143
38645,164308,125.52294788394128
39005,164308,160.7632422435317
39148,164307,207.92025758649777
39196,164307,177.6018918932168
39256,164308,133.16578348559932
39459,164307,114.86235954216218,164308,117.78152563279136
39615,164308,180.12014813781215,164026,297.49874148839626
39744,164308,150.93428005523145
40100,164308,124.68571461884382
40318,164307,167.62203582982542
40366,164308,207.92859863981286,164026,326.72258365665425
40423,164308,136.75908793006002
40455,164032,158.33460601561984
40500,164308,170.06365121227665
40749,164308,126.64689078972003
40858,164308,187.28335177002853
41817,164307,169.9452369013777
41974,164308,126.73763618332801
42137,164307,163.07906968328788
42334,164308,192.5838550673314
42570,164307,155.37948229456705
42746,164308,137.79914259909125,161611,256.46464047274804
43101,164308,165.1484682870054
43294,164307,201.51844062546917
43489,164308,136.7996782406434,161611,259.24827129212395
43806,164308,175.7033610483674
43816,164308,165.05200120659984
44166,164308,118.19015134001098
44246,164308,192.9673893768779
44874,164308,126.22147640477131
44882,155539,319.47199602700147,164308,201.75541814183225
44888,164308,200.3183236489931
44988,164308,158.22981783217367
45009,164307,132.72321505252205
45722,164308,146.13742517330837
46018,164308,114.79780578400573
46026,164308,123.00300524466935
46402,164308,126.52088564892895
46486,164308,160.15565145083153
47442,164307,158.80499127861552
47738,164307,153.4414430980542
47819,164307,152.94451549837527
48049,164307,145.77187557613112
48890,164307,151.0457339661588
49064,164308,118.46608818328417
49068,164308,140.81498014439325
49312,164307,175.5905608795525
49371,164308,117.10411384701061
49768,163844,274.07058788379993,164308,129.0993528922074
49863,164307,126.87199739649876
50123,164308,160.68189188565032
50210,164308,180.69401396218328
50220,164308,116.49810162807657
50596,164308,114.37581258148603
50972,164308,117.03955593944839
51139,164307,174.90436617694826
51276,164308,117.40477198046375
51416,164307,179.19707737098375,164308,178.02935195012012
51593,163508,293.5104880271057,164308,179.75839584796168
51714,164308,114.61366341872679
52764,164308,127.7333149228898
52772,164308,116.88720248304244
52818,164036,293.40119337551243,164308,124.38146483693463
52835,164308,166.990849216312
53111,164308,130.70349054546958
53572,164036,307.74446758741186,164308,138.55551615013655
53849,164308,148.86206197370225
53851,157828,307.7945336087346,164308,139.65147244336245
54249,164308,157.21423221413755,54623,350.0583429596938
54623,164308,203.29410879119203,54249,350.0583429596938
54995,164308,168.6926309465263
55465,164308,116.85454461760838
55714,164308,144.30931391117645
55745,164308,211.6417581433676
56117,164308,116.17320841188086
56392,164307,189.5574443931641
56544,163463,297.321344419474,164308,135.2852857258696
56867,135955,263.73299291600756,164308,134.69911435225748
57239,135955,333.2665213725586,164308,200.0921857634112
57322,164308,197.20462825550385
57644,164308,140.31529505383742
57680,164308,127.20501017775058
57993,164308,168.88904984697308
58040,163463,276.9112135597604,164308,116.81605125069814
58070,164308,171.78029734946708
58347,164308,117.21077682307454
58428,164308,120.52726968860566
58585,164307,166.26923822504523
59115,164308,144.16842141452108
59139,164308,121.54070981996476
59918,164308,152.75918150159075
60638,164308,164.3514693425587
60647,164308,175.5404480598066,161292,273.96703952046425
60985,164308,157.50596984132395
61339,164308,121.16840303909372
61342,164308,162.3286455102493
61792,164308,149.48756404501282
61804,164308,167.1058047164029
62435,164307,125.40047908336986
62465,164308,130.5574476685738
63478,164307,133.3146087452341
63609,164308,126.25927226561488
63613,164308,150.04982965589392
63713,164308,119.81479506674616
64066,164308,120.30261202357278
64378,164308,200.32874091995882
64412,164308,159.25296384534616
64720,154338,318.7925929538682,164308,188.19188601228103,161304,283.0108056071631
65039,164307,135.17955611013454
65428,164307,132.52003573346207
65716,164307,132.87739481247675
65730,164307,134.25970098958547
65899,164308,130.26018376713597
65976,164308,152.15467918707105
66292,164308,129.8230442998033,159758,284.9190722748229
66313,164308,156.29830160786122
66320,164308,211.03780274684416,162959,375.35765007299466
67015,164308,116.26848210116778
67062,164308,191.0844961217163,160794,339.81528058831645
68068,164308,152.57067667094864
68086,164308,154.57385023459102
68162,164308,191.54283873844537
68337,164307,128.7100189087426
68788,164307,125.09423981281465
68828,164308,154.07232772253624
69279,164036,358.2690077082899,164308,190.931563276648
69312,164308,154.55208454761157
69623,164308,193.0476212534468
69658,70032,319.04444710576763,164308,184.67047178730317
70032,164308,148.84789119454558,69658,319.04444710576763
70370,164308,117.90482738470952,70745,279.7801396541187
70745,70370,279.7801396541187,164308,172.73617942930062
70794,164308,124.33749948114666
70990,164307,114.90520923629532
70992,164307,114.51328475108483
71020,164307,132.2422902820986
71426,164307,123.2227791479961
71457,164308,201.4298828439824
71767,164307,125.34952630576466
72061,164307,180.99482865468596
72063,164307,167.18680905335336
72179,164307,134.83116052808657
72186,164308,125.0791536369892
72241,157202,227.85651194647096,164308,130.17765800858692
72545,164307,140.7004210311203
72862,164307,113.31008363323879
73398,164308,177.01239123826653
73610,164307,148.61222406513508
73817,164308,115.94575304952915
73926,164307,193.00223976750462,164308,191.3259592497711
74037,164307,116.14382326325578
74070,164308,201.1192048181393
74111,164308,217.85703670034593
74188,164308,133.60347637901887
75545,164307,114.37091411933771
75782,164308,182.99158093820984
75924,164308,161.67469548572024
76393,164308,197.10316507253867
76955,164307,122.23129504371346
77116,163463,272.48848305241376,164308,115.2004991946729
77296,164308,201.49720887118565
77299,164308,188.9416492613294
77416,164307,134.4170010248963
77786,164307,130.25331209238297
77808,164308,182.75838049577007
78209,164308,129.30144574515654
78480,164307,113.75043369426548
78534,164307,127.43550969226416
78957,164308,117.37169763325016
78961,164308,182.88110457648088
78994,164308,152.07356272955715
79037,164308,139.17726776395548,163115,319.5732356314901
79097,164308,189.04122551799188
79657,164307,145.86403387571656
79663,164308,172.852777857473
79703,164308,199.0349287357044
80382,164307,127.42798702672194
80466,164308,130.12719787249083
80468,164308,189.3109250780975
80548,164308,184.99588494019207
80704,164307,121.41311651427144
80950,164276,157.29793812144004
81541,81540,327.32624396007077,164308,178.03183123260138
81540,81541,327.32624396007077,164308,161.00869199333528
81545,164308,125.40805446691142
81601,164308,142.1734152442729
81849,164307,127.2355012505688
82000,164308,165.0692032634326
82391,163115,140.3161161528624
82546,164308,189.9816298089151
90525,164308,127.23189939354145
91626,164307,130.3930277265029
92194,164302,166.57381857405903
92349,164308,196.61463394599255
96579,164308,148.32197733632424,135899,327.1593517822979
96578,164307,165.6991092203902
99257,164308,129.89413907479369
100194,164308,182.22627034556993
100608,164084,159.64081014017276
102182,164308,135.56598332687764
106146,164302,155.42893591302942
106401,14275,326.0873225559317,164308,204.4581895167427
106429,161165,299.4910402149137,164308,136.91683819393077
108746,164308,157.91663194398262
111977,164308,120.59150230590966
112388,162352,250.76611007777402,164308,123.35670520740096
112416,164308,185.83002991590683
112729,164308,136.46271874993212,162319,314.14925668132065
113030,164302,129.67524837221256
113662,164308,172.0008613237409
113873,164308,163.28562147623754
113909,164308,135.49589671624656
115187,164307,127.19935173682612
115309,164308,132.5187060276442
115895,164308,117.10115907804266
116079,164307,208.43800591057192
116859,164308,148.28780532976097
117193,164308,149.8956910321819
117475,164302,124.4956364712342
119312,164002,292.732666181332,164308,176.5089207432971
119795,158256,363.88591714142564,164308,176.65754121494797
119823,164308,179.8847620318754
120062,164308,155.98369907313992
121745,164308,188.16373032297793,123085,370.8470913937698
121962,164308,112.47619890238465
122233,164308,167.6362218910877
122449,164307,116.34598816496342
123085,121745,370.8470913937698,164308,191.5677436280763
123924,164307,123.3311903253423
124367,164308,146.9909347215299,19577,285.0878500493819,162024,298.4132577517342
125123,164308,131.66003672614426
125279,164308,188.96540135050262,163130,318.81786675132605
125520,164308,165.9208449316441
127363,164308,173.74863068916542,159365,280.42451246725784
127733,164308,130.49412111215588
128196,164308,139.34579113199732
129909,164308,173.01192588302555,164063,310.91627478595433
130040,164308,128.50093852415105,159931,260.7427636102408
131020,162636,240.71693062530605,164308,132.5697637273112,2359,270.96293770334285
