156348,165207,77.41131323987793
157794,165137,114.84565679845656,165174,356.25553951020584
157876,165157,59.240442264937855,164908,86.99651919775171
158364,165208,66.0623034318306
158618,159539,252.1086442954876,165207,83.58474489332335
158620,165168,116.78422527967645
159040,165115,95.14847817163222
159539,165088,95.01209979698483,165041,239.11251609292756,165207,176.00917060806054,158618,252.1086442954876
159582,165115,86.17800042620082,165193,79.11646089426027
159681,162880,190.29124568550515,165195,222.16674482287726
159765,161760,108.01720595411385,165127,209.89214603264722
159808,160147,260.5291757324076,165207,79.44402424673076
159891,165193,112.19050215755159
160046,165059,116.81335292296335,163556,263.6799271780759,165178,207.05268730936712
160147,160706,85.10543259573588,159808,260.5291757324076,165207,191.05798155304376
160299,165157,104.65110261402711,165206,108.4837410259935
160362,165157,132.3316270720351,165206,136.53871751585282
160391,165193,96.10938223612347,165115,162.76775347001578,165049,122.05258956328677
160427,165207,78.47907357688364
160475,165160,84.61419775728423,165168,155.65751852236977,165208,57.53293340077515
160478,165153,85.35410412403309,165206,83.48807289504934
160706,160147,85.10543259573588,165207,115.42418430950119
160836,165193,94.92324656513138,165140,166.1900341705481
160895,165115,157.33648682800188
160908,165187,98.57154329228457,165157,91.9810859009301,165200,129.473459565202
161096,165186,220.7667535638709,161372,359.4178279630162
161323,165127,76.97006548799561,163242,208.48811166499357
161372,165186,144.77161596862706,161096,359.4178279630162
161558,165157,136.79312164824904,165206,140.8382673918896
161714,165190,80.01585457393176
161756,165153,87.9094351670992,165206,80.04715712219497
161760,165127,122.43593960740561,159765,108.01720595411385,165178,120.14932137546148
161865,165207,191.42202284869987,162654,189.21353390867648
162142,165153,92.54039418627411,165206,80.21238751835673
162260,165208,64.72391352273266
162322,164544,93.65962922042027,165193,91.10898423734044
162465,165200,63.46249714124042,162929,58.97365697586781,165206,77.33186965206363
162654,164854,94.44904045385458,165206,77.76490825943519,165207,57.12992058559268,161865,189.21353390867648
162711,165168,255.19241634069493,165206,213.38014029617838,164954,192.6087340740656,165208,145.23828952851213
162880,159681,190.29124568550515,165195,83.96402975626917
162929,165200,100.31115310094718,162465,58.97365697586781,165206,63.357938342946
163204,165127,195.2773579212702,163796,236.5856809803269
163242,165127,205.25316371768116,165178,202.03376800802494,161323,208.48811166499357,163837,386.89385540767427
163543,165206,138.83146913596096
163556,165059,152.6514102780859,165178,86.9377002349235,160046,263.6799271780759
163579,165178,136.5461109785554
163672,165041,246.11516447832045,165078,180.83638030820845
163765,165200,49.49866692201831,165157,78.0953138592786,164170,58.7905532150631,165197,84.0591408973834
163796,165127,85.80531702391919,163204,236.5856809803269
163837,165127,195.99202959203106,163242,386.89385540767427,165178,211.8318686281459
163859,165178,95.21342575255561
164000,165127,79.53191477802568,165115,91.67410392134128
164022,164720,78.27966848779587,165208,60.63344633555796
164170,163765,58.7905532150631,165157,66.76761876161264,165197,77.23088983108161
164342,164544,76.09020840193672,165193,116.21290818422223
164466,164961,101.67572953773815,165178,82.07806560087762
164495,164977,113.58070477382874,165178,94.685853648756
164535,165208,135.65711838915553
164544,162322,93.65962922042027,164342,76.09020840193672,165193,158.01689265105273
164670,165193,109.50397660191065
164708,164720,81.83516484560329,165208,55.4840673440984
164720,164022,78.27966848779587,164708,81.83516484560329,165208,95.32599183820693
164854,165207,98.95067178948473,162654,94.44904045385458
164908,165200,125.89911050779595,157876,86.99651919775171,165157,79.99021196117722
164954,165168,80.7063287753163,165206,72.31045686462514,162711,192.6087340740656,165115,77.9241193688157,165208,68.06298403216019
164961,164466,101.67572953773815,165178,93.86729371302349
164977,165178,101.86075181237545,164495,113.58070477382874
164993,165190,87.79191985437926,165206,77.41815524427226
165004,165078,83.6041176703378,165190,76.37251626215814
165037,165206,92.89361553517747
165041,159539,239.11251609292756,165088,149.0530718428107,165078,93.88757509726376,165207,80.22899575463263,163672,246.11516447832045
165049,160391,122.05258956328677,165193,81.56464712736197
165059,163556,152.6514102780859,165178,115.53795683753445,160046,116.81335292296335
165078,165088,88.82178133961088,165041,93.88757509726376,165190,87.16872485904139,165206,83.217915262914,165207,65.20920950026165,163672,180.83638030820845,165004,83.6041176703378
165088,159539,95.01209979698483,165041,149.0530718428107,165078,88.82178133961088,165206,115.72811341018802,165207,89.29297374940221
165115,159040,95.14847817163222,164000,91.67410392134128,160391,162.76775347001578,165127,84.60744042978959,165193,96.36424481119145,165201,92.65465750880361,165206,90.68761006172514,165207,80.57601641010007,165204,82.67726128058285,164954,77.9241193688157,165178,90.25208859606713,165208,72.65966807800494,159582,86.17800042620082,160895,157.33648682800188
165127,161760,122.43593960740561,164000,79.53191477802568,163204,195.2773579212702,163796,85.80531702391919,159765,209.89214603264722,163242,205.25316371768116,165178,83.30996592816619,161323,76.97006548799561,165115,84.60744042978959,163837,195.99202959203106
165137,157794,114.84565679845656,165174,245.61736732276174,165178,116.64518052781492
165140,160836,166.1900341705481,165172,291.1428299021767,165193,116.35346951523607
165153,165206,88.96682845299618,160478,85.35410412403309,162142,92.54039418627411,161756,87.9094351670992
165157,165187,88.97782149998838,164170,66.76761876161264,160362,132.3316270720351,160299,104.65110261402711,164908,79.99021196117722,160908,91.9810859009301,165197,72.47085897412124,165200,86.32547066411877,165169,136.53966294155168,161558,136.79312164824904,165206,81.8617049642319,157876,59.240442264937855,163765,78.0953138592786
165160,165168,84.40202153685944,160475,84.61419775728423,165208,68.18928323740899
165168,165200,128.24000552477887,165206,75.11488387287427,162711,255.19241634069493,164954,80.7063287753163,160475,155.65751852236977,165160,84.40202153685944,165208,124.52564109940546,158620,116.78422527967645
165169,165206,140.5181869681497,165157,136.53966294155168
165174,157794,356.25553951020584,165137,245.61736732276174,165178,173.33305632451783
165172,165140,291.1428299021767,165193,209.7007495827688
165178,165186,83.99998423078043,165059,115.53795683753445,161760,120.14932137546148,164961,93.86729371302349,165127,83.30996592816619,163556,86.9377002349235,163242,202.03376800802494,165193,86.33041211749608,160046,207.05268730936712,164495,94.685853648756,164466,82.07806560087762,163859,95.21342575255561,165137,116.64518052781492,164977,101.86075181237545,165174,173.33305632451783,165204,80.69192269456038,165115,90.25208859606713,163579,136.5461109785554,163837,211.8318686281459
165186,165178,83.99998423078043,161096,220.7667535638709,161372,144.77161596862706
165187,165206,87.039853392864,165157,88.97782149998838,160908,98.57154329228457
165190,161714,80.01585457393176,164993,87.79191985437926,165078,87.16872485904139,165206,79.03253050302197,165004,76.37251626215814
165195,162880,83.96402975626917,159681,222.16674482287726,165208,114.34482102234892
165193,164544,158.01689265105273,160391,96.10938223612347,160836,94.92324656513138,162322,91.10898423734044,165202,104.24317407353493,159891,112.19050215755159,164342,116.21290818422223,165140,116.35346951523607,165172,209.7007495827688,165178,86.33041211749608,165115,96.36424481119145,165049,81.56464712736197,159582,79.11646089426027,164670,109.50397660191065
165197,165200,91.60433468106852,163765,84.0591408973834,165157,72.47085897412124,164170,77.23088983108161,165208,89.83064552089101
165202,165193,104.24317407353493
165200,165168,128.24000552477887,162465,63.46249714124042,162929,100.31115310094718,165206,103.22527598667128,165157,86.32547066411877,163765,49.49866692201831,165208,58.8633426843921,160908,129.473459565202,164908,125.89911050779595,165197,91.60433468106852
165201,165207,61.95318455593573,165115,92.65465750880361
165206,165187,87.039853392864,164993,77.41815524427226,165190,79.03253050302197,165200,103.22527598667128,161558,140.8382673918896,165078,83.217915262914,163543,138.83146913596096,162711,213.38014029617838,165207,73.78137225415037,164954,72.31045686462514,162142,80.21238751835673,162654,77.76490825943519,160478,83.48807289504934,161756,80.04715712219497,165088,115.72811341018802,162465,77.33186965206363,165153,88.96682845299618,165157,81.8617049642319,160362,136.53871751585282,160299,108.4837410259935,165037,92.89361553517747,165168,75.11488387287427,162929,63.357938342946,165169,140.5181869681497,165115,90.68761006172514
165207,160706,115.42418430950119,159808,79.44402424673076,165088,89.29297374940221,160427,78.47907357688364,161865,191.42202284869987,160147,191.05798155304376,159539,176.00917060806054,165041,80.22899575463263,165201,61.95318455593573,165078,65.20920950026165,164854,98.95067178948473,165206,73.78137225415037,158618,83.58474489332335,165115,80.57601641010007,162654,57.12992058559268,156348,77.41131323987793
165204,165178,80.69192269456038,165115,82.67726128058285
165208,164708,55.4840673440984,165195,114.34482102234892,165160,68.18928323740899,165197,89.83064552089101,164720,95.32599183820693,165168,124.52564109940546,165200,58.8633426843921,164022,60.63344633555796,162711,145.23828952851213,164535,135.65711838915553,162260,64.72391352273266,164954,68.06298403216019,160475,57.53293340077515,165115,72.65966807800494,158364,66.0623034318306
