0,0
1,0
2,0
3,0
4,0
5,0
6,0
7,0
8,0
9,0
152,0
153,0
154,0
155,0
156,0
263,0
266,0
267,0
264,0
265,0
148,0
149,0
150,0
151,0
304,0
38,0
39,0
37,0
42,0
43,0
40,0
41,0
44,0
45,0
186,0
187,0
185,0
190,0
191,0
188,0
189,0
303,0
76,0
77,0
78,0
79,0
193,0
192,0
74,0
75,0
222,0
223,0
80,0
230,0
111,0
229,0
228,0
227,0
226,0
225,0
224,0
119,0
118,0
117,0
116,0
115,0
114,0
113,0
112,0
120,0
85,10
50,10
87,10
48,10
86,10
125,10
10,10
11,10
124,10
13,10
88,10
47,10
49,12
12,12
51,14
14,14
17,15
16,15
15,15
19,18
18,18
21,18
20,18
23,22
96,22
97,22
22,22
59,22
58,22
57,22
60,22
205,24
137,24
136,24
204,24
139,24
207,24
138,24
206,24
64,24
65,24
283,24
135,24
25,24
24,24
27,24
26,24
208,24
209,24
102,24
100,24
169,24
168,24
101,24
98,24
175,24
174,24
99,24
172,24
167,24
246,24
244,24
176,24
245,24
242,24
63,24
243,24
62,24
61,24
241,24
103,28
140,28
66,28
173,28
284,28
250,28
251,28
212,28
213,28
247,28
214,28
215,28
177,28
29,28
28,28
210,28
211,28
68,30
69,30
32,30
141,30
143,30
67,30
142,30
106,30
104,30
105,30
178,30
179,30
31,30
30,30
34,34
35,34
71,34
36,34
110,34
108,34
109,34
72,34
73,34
184,34
145,34
146,34
147,34
182,34
183,34
70,33
33,33
107,33
84,46
83,46
46,46
55,52
54,52
53,52
52,52
56,52
81,81
82,81
126,89
89,89
171,90
239,90
170,90
203,90
202,90
129,90
163,90
128,90
131,90
130,90
133,90
132,90
166,90
165,90
134,90
164,90
93,90
127,90
92,90
95,90
94,90
240,90
91,90
90,90
341,121
307,121
415,121
234,121
308,121
197,121
381,121
380,121
161,121
198,121
160,121
345,121
344,121
378,121
417,121
416,121
418,121
270,121
123,121
271,121
122,121
121,121
157,157
231,157
194,157
305,158
343,158
342,158
306,158
233,158
232,158
196,158
195,158
379,158
158,158
159,158
268,158
269,158
144,144
181,144
273,162
236,162
310,162
162,162
199,162
348,162
347,162
180,180
274,200
238,200
237,200
201,200
200,200
311,200
220,216
258,216
254,216
288,216
221,216
255,216
289,216
256,216
290,216
252,216
253,216
257,216
216,216
217,216
218,216
219,216
820,235
823,235
822,235
272,235
819,235
676,235
675,235
565,235
564,235
563,235
562,235
561,235
560,235
933,235
815,235
309,235
786,235
524,235
525,235
526,235
527,235
523,235
671,235
529,235
528,235
782,235
419,235
778,235
896,235
745,235
750,235
749,235
346,235
895,235
741,235
456,235
455,235
454,235
634,235
453,235
452,235
451,235
639,235
638,235
450,235
449,235
713,235
712,235
855,235
235,235
854,235
853,235
852,235
859,235
858,235
704,235
857,235
383,235
856,235
382,235
708,235
861,235
860,235
970,235
492,235
597,235
489,235
488,235
491,235
490,235
601,235
487,235
602,235
486,235
248,248
249,248
275,275
279,278
278,278
282,278
281,278
280,278
319,278
277,277
276,276
324,285
322,285
323,285
320,285
321,285
287,285
286,285
285,285
259,259
373,262
262,262
336,262
299,262
372,260
408,260
409,260
444,260
445,260
371,260
446,260
447,260
559,260
407,260
522,260
596,260
260,260
261,260
334,260
485,260
335,260
297,260
298,260
633,260
448,260
313,313
314,313
312,312
352,315
351,315
350,315
349,315
315,315
317,316
316,316
318,316
356,316
353,316
354,316
355,316
387,316
386,316
391,316
390,316
389,316
388,316
516,291
479,291
517,291
442,291
443,291
369,291
368,291
406,291
554,291
404,291
405,291
291,291
292,291
293,291
294,291
295,291
366,291
332,291
330,291
480,291
331,291
328,291
329,291
296,296
333,296
300,300
301,301
302,302
340,340
339,339
338,338
337,337
550,326
687,326
551,326
546,326
547,326
544,326
545,326
400,326
401,326
395,326
394,326
393,326
399,326
398,326
397,326
396,326
692,326
693,326
690,326
691,326
688,326
689,326
653,326
652,326
655,326
654,326
649,326
512,326
513,326
651,326
514,326
650,326
432,326
433,326
434,326
435,326
436,326
437,326
438,326
431,326
430,326
543,326
542,326
656,326
474,326
614,326
475,326
615,326
472,326
612,326
473,326
613,326
470,326
471,326
616,326
468,326
617,326
469,326
467,326
326,326
327,326
766,326
576,326
508,326
577,326
509,326
578,326
510,326
579,326
511,326
580,326
505,326
581,326
582,326
506,326
507,326
583,326
728,326
729,326
364,326
363,326
359,325
325,325
360,325
361,325
362,325
375,375
374,374
370,370
414,377
377,377
376,376
357,357
358,357
478,365
476,365
477,365
402,365
618,365
403,365
619,365
622,365
623,365
552,365
620,365
621,365
627,365
626,365
625,365
624,365
628,365
440,365
441,365
515,365
584,365
587,365
588,365
589,365
590,365
591,365
439,365
664,365
665,365
365,365
367,367
410,410
411,410
412,412
413,412
466,392
464,392
465,392
463,392
392,392
575,392
574,392
504,392
500,392
501,392
502,392
503,392
497,392
498,392
499,392
425,392
427,392
426,392
429,392
428,392
541,392
540,392
537,392
539,392
538,392
385,384
384,384
421,421
420,420
424,423
462,423
461,423
460,423
423,423
422,422
459,458
458,458
493,457
495,457
494,457
457,457
496,457
558,481
556,481
557,481
555,481
703,481
932,481
814,481
929,481
928,481
931,481
930,481
926,481
927,481
518,481
519,481
925,481
520,481
521,481
666,481
777,481
889,481
888,481
891,481
890,481
893,481
892,481
740,481
894,481
631,481
630,481
629,481
632,481
851,481
593,481
592,481
595,481
969,481
594,481
968,481
963,481
484,481
962,481
481,481
967,481
966,481
483,481
965,481
482,481
964,481
548,548
549,548
553,553
829,534
828,534
831,534
827,534
804,534
800,534
801,534
802,534
803,534
573,534
572,534
571,534
791,534
790,534
799,534
798,534
797,534
796,534
795,534
794,534
792,534
535,534
534,534
536,534
610,534
611,534
608,534
609,534
864,534
865,534
872,534
873,534
874,534
875,534
876,534
877,534
878,534
832,534
833,534
838,534
839,534
836,534
837,534
840,534
841,534
686,534
685,534
684,534
952,534
683,534
682,534
948,534
949,534
950,534
951,534
944,534
945,534
946,534
947,534
648,534
645,534
647,534
646,534
914,534
915,534
912,534
913,534
911,534
910,534
909,534
908,534
751,534
762,534
763,534
760,534
761,534
764,534
765,534
754,534
755,534
752,534
753,534
758,534
759,534
757,534
986,534
987,534
985,534
719,534
718,534
720,534
721,534
722,534
723,534
724,534
725,534
726,534
727,534
681,530
680,530
679,530
678,530
677,530
567,530
566,530
570,530
569,530
568,530
715,530
714,530
717,530
716,530
644,530
641,530
640,530
643,530
642,530
533,530
532,530
531,530
530,530
603,530
605,530
604,530
607,530
606,530
585,585
586,585
821,599
747,599
785,599
784,599
748,599
674,599
673,599
711,599
710,599
599,599
600,599
637,599
636,599
746,598
598,598
635,598
783,598
709,598
672,598
668,668
669,669
670,670
707,670
667,667
956,657
957,657
958,657
959,657
955,657
702,657
805,657
806,657
700,657
701,657
807,657
698,657
699,657
696,657
697,657
812,657
694,657
813,657
695,657
808,657
809,657
810,657
811,657
924,657
922,657
923,657
918,657
917,657
774,657
775,657
772,657
773,657
770,657
771,657
768,657
769,657
660,657
661,657
662,657
663,657
657,657
658,657
776,657
659,657
880,657
885,657
887,657
886,657
739,657
738,657
737,657
736,657
767,657
995,657
994,657
997,657
996,657
998,657
850,657
849,657
848,657
730,657
731,657
732,657
733,657
734,657
735,657
843,657
961,657
960,657
846,657
847,657
845,657
744,742
817,742
816,742
818,742
780,742
781,742
743,742
779,742
742,742
756,756
705,705
706,705
789,789
826,789
788,788
825,788
787,787
824,787
830,793
793,793
863,862
862,862
978,834
979,834
980,834
834,834
835,834
943,834
866,834
867,834
907,834
868,834
906,834
869,834
870,834
871,834
903,834
842,842
879,842
881,844
883,844
882,844
884,844
920,844
921,844
919,844
844,844
940,940
977,940
939,939
990,916
991,916
953,916
988,916
954,916
989,916
993,916
992,916
916,916
941,904
942,904
905,904
904,904
902,902
976,897
971,897
975,897
937,897
974,897
936,897
973,897
972,897
938,897
935,897
901,897
934,897
900,897
899,897
898,897
897,897
984,984
982,981
983,981
981,981
