1,67559,0.0
1,81746,0.0
1,70557,0.0
1,47328,0.0
1,81743,0.0
1,71658,0.0
1,51035,0.0
1,74573,0.0
1,75314,0.0
1,77539,0.0
1,73410,0.0
1,82382,0.0
1,82381,0.0
1,82004,0.0
1,82001,0.0
1,58437,0.0
1,59187,0.0
1,68530,0.0
1,77924,0.0
1,65165,0.0
1,78281,0.0
1,78659,0.0
1,79028,0.0
1,79034,0.0
1,78280,0.0
1,58806,0.0
1,80883,0.0
1,79787,0.0
1,79786,0.0
1,71286,0.0
1,64790,0.0
1,78302,0.0
1,80498,0.0
1,75677,0.0
1,49447,0.0
1,58779,0.0
1,52429,0.0
1,82338,0.0
1,82336,0.0
1,58796,0.0
1,58790,0.0
1,60286,0.0
1,73026,0.0
1,73027,0.0
1,49072,0.0
1,58438,0.0
1,80520,0.0
1,68882,0.0
1,59549,0.0
1,52071,0.0
1,61029,0.0
1,59535,0.0
1,61781,0.0
1,82386,0.0
1,81995,0.0
1,82366,0.0
1,81253,0.0
1,61033,0.0
1,59929,0.0
1,70785,0.0
1,78654,0.0
1,48324,0.0
1,51432,0.0
1,49196,0.0
2,56810,0.0
2,51199,0.0
2,57543,0.0
2,40669,0.0
2,59054,0.0
2,33589,0.0
2,59041,0.0
2,33588,0.0
2,52674,0.0
2,53421,0.0
2,59042,0.0
2,36170,0.0
2,64320,0.0
2,51180,0.0
2,34660,0.0
2,57169,0.0
2,59733,0.0
2,52301,0.0
2,36198,0.0
2,57184,0.0
2,57931,0.0
2,58686,0.0
2,57578,0.0
2,61327,0.0
2,37687,0.0
2,41447,0.0
2,43985,0.0
2,55947,0.0
2,43608,0.0
2,60579,0.0
2,64701,0.0
2,60958,0.0
2,55298,0.0
2,54922,0.0
2,56794,0.0
2,50452,0.0
2,35036,0.0
2,32837,0.0
2,48493,0.0
2,56739,0.0
2,35824,0.0
2,29102,0.0
2,31704,0.0
2,38796,0.0
2,39498,0.0
2,51937,0.0
2,63191,0.0
2,60491,0.0
2,62831,0.0
2,66564,0.0
2,28729,0.0
2,28731,0.0
2,50825,0.0
2,32075,0.0
2,42489,0.0
2,45878,0.0
2,67693,0.0
2,28358,0.0
2,26128,0.0
2,28749,0.0
2,28748,0.0
2,28745,0.0
2,28746,0.0
2,29121,0.0
2,29126,0.0
2,31748,0.0
2,29119,0.0
2,27980,0.0
2,29495,0.0
2,36144,0.0
2,37637,0.0
2,36889,0.0
2,36142,0.0
2,38735,0.0
2,37159,0.0
2,37532,0.0
2,32090,0.0
2,55211,0.0
2,35404,0.0
2,28354,0.0
2,30584,0.0
2,35041,0.0
2,32080,0.0
2,32081,0.0
2,28364,0.0
2,35807,0.0
2,35781,-28.590988471917534
2,55696,-28.066157232319924
2,50756,-27.885720474023692
2,45506,-27.93825110279562
2,47002,-28.727178183785433
2,39499,-29.93460912363178
2,31696,-31.328156160896896
2,17558,-31.933228622204194
2,14581,0.0
2,14568,0.0
2,14943,0.0
2,17188,0.0
2,15327,0.0
2,14571,0.0
2,15315,0.0
2,15316,0.0
2,16811,0.0
2,22813,0.0
2,19429,0.0
2,17561,0.0
2,14200,0.0
2,15691,0.0
2,22065,0.0
2,20195,0.0
2,15333,0.0
2,16829,0.0
2,14959,0.0
2,13837,0.0
2,11967,0.0
2,16080,0.0
2,17925,-31.808501840656916
2,15695,-31.76196009686805
2,20928,-31.764525023345985
2,18295,-31.780670613521842
2,14929,0.0
2,15298,0.0
2,15296,0.0
2,18289,0.0
2,18287,0.0
2,16416,0.0
2,19781,0.0
2,16415,0.0
2,14545,0.0
2,17162,0.0
2,14172,0.0
2,14173,0.0
2,13425,0.0
2,9683,0.0
2,10801,0.0
2,9306,0.0
2,19028,0.0
2,21639,0.0
2,19397,0.0
2,15295,0.0
2,10058,0.0
2,9315,0.0
2,11574,0.0
2,8195,0.0
2,11193,0.0
2,11566,0.0
2,11564,0.0
2,11939,0.0
2,11562,0.0
2,11191,0.0
2,11189,0.0
2,7448,0.0
2,5578,0.0
2,5580,0.0
2,5577,0.0
2,3333,0.0
2,2959,0.0
2,2213,0.0
2,1094,0.0
2,4825,0.0
2,4832,0.0
2,10060,0.0
2,12311,0.0
2,19770,0.0
2,720,0.0
2,7441,0.0
2,19408,0.0
2,14180,0.0
2,13795,-31.804740557599118
2,29086,0.0
2,23078,0.0
2,21242,0.0
2,23472,0.0
2,23491,0.0
2,22723,0.0
2,26084,0.0
2,14583,-31.84437150751023
2,18664,-32.097622925540875
2,32418,-32.46490794012813
2,32792,0.0
2,33163,-32.427009550406765
2,29118,-32.7404322738698
2,38488,0.0
2,36993,0.0
2,35108,0.0
2,35857,0.0
2,43356,0.0
2,43732,0.0
2,39610,0.0
2,42243,0.0
2,43361,0.0
2,43727,0.0
2,49345,0.0
2,51589,0.0
2,51593,0.0
2,44485,0.0
2,33244,0.0
2,48975,0.0
2,51218,0.0
2,49726,0.0
2,50103,0.0
2,48615,0.0
2,47867,0.0
2,46371,0.0
2,46746,0.0
2,48613,0.0
2,39997,0.0
2,38131,0.0
2,38129,0.0
2,42612,0.0
2,48982,0.0
2,48236,0.0
2,36983,0.0
2,45242,0.0
2,43747,0.0
2,43373,0.0
2,44119,0.0
2,42998,0.0
2,42623,0.0
2,41121,0.0
2,45615,0.0
2,41123,0.0
2,47096,0.0
2,44868,0.0
2,36620,0.0
2,37738,0.0
2,54963,0.0
2,53840,0.0
2,56473,0.0
2,58342,0.0
2,56099,0.0
2,54603,0.0
2,52733,0.0
2,57595,0.0
2,52359,0.0
2,42634,0.0
2,38520,0.0
2,32910,0.0
2,38141,0.0
2,38140,0.0
2,32534,0.0
2,28423,0.0
2,27675,0.0
2,26553,0.0
2,28049,0.0
2,24683,0.0
2,24305,0.0
2,26544,0.0
2,28043,0.0
2,26170,0.0
2,26543,0.0
2,26541,0.0
2,26166,0.0
2,26165,0.0
2,38890,0.0
2,25420,0.0
2,29545,0.0
2,25792,0.0
2,36642,0.0
2,41510,0.0
2,39267,0.0
2,30663,0.0
2,35155,0.0
2,23159,0.0
2,27262,0.0
2,25033,0.0
2,27636,0.0
2,26147,0.0
2,27633,0.0
2,25772,0.0
2,25775,0.0
2,22796,0.0
2,25782,0.0
2,26159,0.0
2,25408,0.0
2,25410,0.0
2,25411,0.0
2,26885,0.0
2,22782,0.0
2,25405,0.0
2,26908,0.0
2,36269,0.0
2,31410,0.0
2,35896,0.0
2,29902,0.0
2,28007,0.0
2,27284,0.0
2,41136,0.0
2,28030,0.0
2,30643,0.0
2,30268,0.0
2,31385,0.0
2,31012,0.0
2,31388,0.0
2,31018,0.0
2,32516,0.0
2,32891,0.0
2,35508,0.0
2,34008,0.0
2,34387,0.0
2,35136,0.0
2,35514,0.0
2,32892,0.0
2,32894,0.0
2,54972,0.0
2,31392,0.0
2,35883,0.0
2,45621,0.0
2,45247,0.0
2,53464,0.0
2,24639,0.0
2,50473,0.0
2,45619,0.0
2,30270,-32.776725700486324
2,31024,-32.8686235022071
2,32154,-33.02906353440257
2,34007,-33.223789316977246
2,31777,-33.4745081455957
2,31406,-33.89400912649454
1,66733,-34.1498836007049
1,52161,-33.757102431678135
1,51067,-33.69056613166349
1,72792,-33.652772967094066
1,73372,-33.626577414727215
1,74495,0.0
1,72624,0.0
1,71503,0.0
1,75617,0.0
1,70007,0.0
1,70755,0.0
1,69633,0.0
1,68886,0.0
1,67016,0.0
1,68887,0.0
1,68885,0.0
1,73374,0.0
1,70008,0.0
1,69260,0.0
1,69261,0.0
1,70380,0.0
1,77488,-33.55483527255538
1,81977,0.0
1,81974,0.0
1,81602,0.0
1,81226,0.0
1,75245,-33.555116532913786
1,58132,-33.678587156585905
1,64399,-33.96830767151562
1,64025,-33.895340367768256
1,52522,-34.40759775471737
1,74936,0.0
1,52520,0.0
2,30652,-34.63423924196992
1,63649,-35.16029306308684
2,23474,-35.35340748977368
1,77484,-35.96923768357916
2,1463,-36.21880189558803
1,61222,-36.62498364479114
1,82561,0.0
1,63474,0.0
1,63100,0.0
1,53422,-35.14683864346284
1,62154,-35.429941506443974
1,71660,-35.704516553394654
1,80248,-36.029537259851764
1,64023,-36.488420312117526
1,62899,-36.99878834360851
2,32042,-37.156456822107444
2,32408,-37.12061094172217
1,51021,-37.54227816279058
1,51382,-37.70201597957687
2,26503,-38.040708530187274
1,52149,-38.24274007274148
1,52154,-38.75098094315781
2,1077,-38.963743184348054
2,323,0.0
2,701,0.0
2,325,0.0
2,334,0.0
2,330,0.0
2,328,0.0
2,329,0.0
1,48704,-39.48326725501502
2,41500,-39.79919310107927
1,51765,-40.30128711682792
2,48618,-40.968786031352906
1,45279,-41.096168888893935
1,47167,0.0
1,47919,0.0
1,66246,0.0
1,67720,0.0
1,67718,0.0
1,68100,0.0
1,68099,0.0
1,68847,0.0
1,68848,0.0
1,69222,0.0
1,69596,0.0
1,68087,0.0
1,66213,0.0
1,63969,0.0
1,66199,0.0
1,66198,0.0
1,63954,0.0
1,69577,0.0
1,66947,0.0
1,66946,0.0
1,66955,0.0
1,66572,0.0
1,68085,0.0
1,68443,0.0
1,68817,0.0
1,68818,0.0
1,67333,0.0
1,68444,0.0
1,67329,0.0
1,69969,0.0
1,69968,0.0
1,63223,0.0
1,66597,0.0
1,66596,0.0
1,69967,-41.24874828641904
1,70339,-41.408233160207146
1,70713,-41.39530089762891
1,70712,-41.38239546493071
1,70706,-41.460534379229856
1,71450,0.0
1,70325,0.0
1,71439,0.0
1,72196,0.0
1,70700,0.0
1,71084,-41.6751941427415
1,70341,-42.01332847214357
1,70715,0.0
2,53823,-42.05808564678248
1,71845,-42.415514162224476
1,68464,-42.80451545379511
2,66064,-43.06714956515796
1,68849,-43.243700151499326
1,38745,-43.626518243374896
1,49234,-43.50004153158997
1,75360,-43.85812380535569
1,79088,-44.03892755492518
2,29106,-44.08077460703764
2,41831,0.0
1,69191,-44.39425509872072
1,74052,0.0
1,69938,0.0
1,74800,0.0
1,76671,0.0
1,71809,0.0
1,75549,0.0
1,70312,0.0
1,77420,0.0
1,71435,0.0
1,77048,0.0
1,82291,0.0
1,82294,0.0
1,77419,-44.27396001731058
1,81906,0.0
1,71085,-44.62141704533356
1,57106,-44.98837651450386
2,53824,-45.05271805372773
1,52244,-45.26794755321599
1,49082,-45.625042015418025
2,32034,-45.91037517750129
2,20440,-45.90118927983751
2,21186,0.0
2,23425,0.0
2,24548,0.0
2,25294,0.0
2,22294,0.0
2,23041,0.0
2,23047,0.0
2,22290,0.0
2,22291,0.0
2,16704,0.0
2,21921,0.0
2,21917,0.0
1,80997,-46.0011318993986
1,52140,-46.36366782571825
1,51355,0.0
1,52504,0.0
1,51413,-46.71623835877452
2,56838,-46.923374039297244
1,71459,-47.03804352912215
1,48449,-47.37083111548475
1,71086,-47.70309110999804
2,14185,-47.86096266038112
2,13441,-47.867334548437995
1,71089,-48.04420093623834
1,74611,-48.384569872435776
1,51410,-48.70475090587551
2,38278,-48.73507589688229
2,66677,-48.773107062881635
1,51411,-49.007441460356894
1,50369,-49.298928806943486
1,51117,0.0
1,71471,-49.57701678207243
1,71470,0.0
2,20445,-49.60748940040607
2,21577,0.0
2,22319,0.0
2,17107,-49.48566275645137
2,16736,0.0
1,70342,-49.83360839962351
2,17858,-49.87624254775794
1,70714,-50.090888053093124
1,73333,0.0
1,61184,-50.33554637120942
2,19010,-50.52429754896684
2,12257,0.0
2,19004,0.0
2,8147,0.0
2,663,0.0
2,660,0.0
2,17129,0.0
2,17130,0.0
2,14879,0.0
2,15625,0.0
2,15622,0.0
2,5900,0.0
2,15998,0.0
2,284,-50.505118838047906
2,261,-50.53253007674704
1,48248,-50.5704108182155
1,46396,0.0
1,50887,0.0
1,53505,0.0
1,48620,0.0
1,48247,0.0
1,49768,0.0
1,49771,0.0
1,56497,0.0
1,47874,0.0
1,47499,0.0
1,47124,0.0
1,55375,0.0
1,57618,0.0
1,59489,0.0
1,60611,0.0
1,60612,0.0
2,658,-50.579785521453985
1,48257,-50.69643803774101
1,45257,-50.868095680898605
2,290,-50.87376565594845
1,51409,-51.043112905817765
1,52129,-51.25364194341836
1,50005,-51.45274146316331
2,122,-51.575587306113164
2,137,0.0
2,42680,0.0
2,41186,0.0
2,41195,0.0
2,40814,0.0
2,41207,0.0
2,44202,0.0
2,41557,0.0
2,10949,0.0
2,10946,0.0
2,11318,0.0
2,11695,0.0
2,15422,0.0
2,15797,0.0
2,11306,0.0
2,22524,0.0
2,40837,0.0
2,38596,0.0
2,39342,0.0
2,39341,0.0
2,39340,0.0
2,36722,0.0
2,39713,0.0
2,39323,0.0
2,33338,0.0
2,33339,0.0
2,39697,0.0
2,32964,0.0
2,32591,0.0
2,37100,0.0
2,24705,0.0
2,25081,0.0
2,24690,0.0
2,24685,0.0
2,24310,0.0
2,25432,0.0
2,25064,0.0
2,25059,0.0
2,37097,0.0
2,32605,0.0
2,31473,0.0
2,31098,0.0
2,31097,0.0
2,31480,0.0
2,31471,0.0
2,31469,0.0
2,29592,0.0
2,32230,0.0
2,32231,0.0
2,31484,0.0
2,31486,0.0
2,31856,0.0
2,31858,0.0
2,32232,0.0
2,32981,0.0
2,32606,0.0
2,32607,0.0
2,2385,0.0
2,31840,0.0
2,31845,0.0
2,31844,0.0
2,31846,0.0
2,29216,0.0
2,40088,0.0
2,23936,0.0
2,18329,0.0
2,46822,0.0
2,6472,0.0
2,6815,0.0
2,5701,0.0
2,7600,0.0
2,4585,0.0
2,91,0.0
2,473,0.0
2,476,0.0
2,478,0.0
2,475,0.0
2,102,0.0
2,848,0.0
2,101,0.0
2,106,0.0
2,7968,0.0
2,30725,0.0
2,116,0.0
2,861,0.0
2,115,0.0
2,113,0.0
2,34087,0.0
2,23273,0.0
2,32217,0.0
2,10555,0.0
2,487,0.0
2,3105,0.0
2,7576,0.0
2,32218,0.0
2,26569,0.0
2,40068,0.0
2,847,0.0
2,40069,0.0
2,25872,-51.1358312526926
2,39298,0.0
2,36298,0.0
2,32558,0.0
2,32184,0.0
2,35173,0.0
2,31808,0.0
2,886,-51.10310351100607
2,43875,-51.07143040064551
2,3132,-51.04955119918631
2,8350,-51.036008197159774
2,45723,-51.025680871615705
2,12824,-51.0159000887109
2,19920,-50.99160955432736
2,43791,-50.98500615620248
2,3059,-50.97962850041787
2,437,0.0
2,54,0.0
2,53,0.0
2,6057,0.0
2,138,-50.97915484474892
2,27768,-50.986948964109544
2,41532,-51.00113989024406
2,1235,-51.05257723092826
2,1598,-51.10667627723347
2,3134,-51.16101034834351
2,41170,-51.221642951617724
2,11697,-51.2811467003265
2,31439,-51.35610872159806
2,40797,-51.43989994094528
2,1234,-51.523102252363614
1,51428,-51.62363696737789
2,496,-51.65398684976596
2,2742,0.0
2,2743,0.0
2,1623,0.0
2,1996,0.0
1,74982,-51.77408120790438
1,79826,0.0
2,11322,-51.813884710268255
2,19957,0.0
2,15818,0.0
2,16566,0.0
2,26285,0.0
2,29648,0.0
2,23669,0.0
2,38244,0.0
2,27779,0.0
2,38243,0.0
2,31890,0.0
2,25911,0.0
2,37122,0.0
2,21053,0.0
2,28527,0.0
2,31143,0.0
2,33760,0.0
2,27032,0.0
2,34880,0.0
2,39366,0.0
2,23295,0.0
2,36375,0.0
2,15821,0.0
2,33756,0.0
2,20679,0.0
2,38988,0.0
2,26657,0.0
2,33011,0.0
2,36003,0.0
1,58678,-51.89751384852502
2,2345,-51.969102764627145
1,77195,-52.02862954635432
1,80933,0.0
1,82427,0.0
2,37907,-52.12661939463821
2,45409,0.0
2,40161,0.0
2,42797,0.0
2,40919,0.0
2,44645,-52.116790917379916
1,80999,-52.155901504335176
2,1608,-52.27666320484505
1,77425,-52.32125129637595
2,28095,-52.43642139967157
1,53596,-52.46022675578044
1,67451,0.0
1,66318,0.0
1,67433,-52.52537179837324
2,26195,-52.590834210779235
2,29549,-52.6152753546488
2,34421,0.0
2,32924,-52.61248449548547
1,50158,-52.622851993752484
2,30682,-52.70653554876107
1,64434,-52.71580313524472
1,71822,-52.81184973813439
2,31391,-52.87239838200311
1,69597,-52.90343447008826
1,59552,-52.98723024667305
2,29868,-53.03864215639012
1,55839,-53.056516296066704
1,50178,-53.12062826509765
1,75960,-53.16175789484557
2,38885,-53.233183518395975
2,43000,0.0
1,68101,-53.24047701054456
1,68479,0.0
1,49457,-53.36040956713391
2,40006,-53.38460734681421
1,74977,-53.531454918828224
2,1628,-53.583191268202526
1,48298,-53.69829787631714
2,711,-53.77382570085923
2,32489,-53.95840401968891
2,57213,-54.136001182527906
1,65042,-54.207692790932214
1,78516,0.0
2,41509,-54.30982326553933
2,40753,-54.4911519896644
2,40534,-54.68399534438647
2,15680,-54.8675332133381
2,338,-55.04365754574118
2,26267,-55.21178744922063
2,40378,-55.37666214891258
2,32265,-55.56640181279089
2,341,-55.76332772639562
2,41128,-55.961396456248735
2,14930,-56.15216178710155
2,852,-56.344091214664886
2,40379,-56.5447840449594
2,40923,-56.739223709499754
2,37788,-56.93289362417068
2,345,-57.11796569985227
2,34877,-57.31000430161345
2,27769,-57.53005530117818
2,50852,-57.75219781605965
2,40855,-57.98073169737769
2,42371,-58.020963266672055
2,156,-58.21373303477874
2,2985,0.0
2,2611,0.0
2,2609,0.0
2,2617,0.0
2,2605,0.0
2,2234,0.0
2,2238,0.0
2,33902,0.0
2,1862,0.0
2,1113,0.0
2,8601,0.0
2,1697,0.0
2,7105,0.0
2,742,0.0
2,215,0.0
2,221,0.0
2,372,0.0
2,368,0.0
2,224,0.0
2,226,0.0
2,365,0.0
2,8975,0.0
2,361,0.0
2,4271,-58.12921955849157
2,12328,-58.12508079803761
2,9708,-58.12690827301442
2,11955,-58.128911574896996
2,13435,-58.13134086330693
2,11580,-58.13515033173971
2,36621,-58.30676026692544
2,8974,-58.489357084093896
2,10085,-58.665521987548004
2,2466,-58.819205096094635
2,8775,0.0
2,34194,0.0
2,24119,0.0
2,13644,0.0
2,12146,0.0
2,342,-58.96655404013583
2,26917,-59.113242451226576
2,28901,-59.256443791077054
2,717,-59.40679963834275
2,1562,-59.54512263596001
2,2,0.0
2,0,0.0
2,15783,0.0
2,7,0.0
2,14234,0.0
2,399,0.0
2,15405,0.0
2,16149,0.0
2,16521,0.0
2,18390,0.0
2,16897,0.0
2,16900,0.0
2,16901,0.0
2,18399,0.0
2,15377,0.0
2,20634,0.0
2,15768,0.0
2,13877,0.0
2,15360,0.0
2,15773,0.0
2,13874,0.0
2,21335,0.0
2,15004,0.0
2,15002,0.0
2,15001,0.0
2,14999,0.0
2,21340,0.0
2,18765,0.0
2,14645,0.0
2,13907,0.0
2,14980,0.0
2,15732,0.0
2,13508,0.0
2,13504,0.0
2,13505,0.0
2,15030,0.0
2,15025,0.0
2,15026,0.0
2,378,0.0
2,14608,0.0
2,14614,0.0
2,19138,0.0
2,28471,-59.67336245994362
2,10084,-59.79937127349514
2,31063,-59.9292178338675
2,16206,-60.05524805494434
2,23316,0.0
2,19204,0.0
2,15833,0.0
2,16209,-60.04927068292032
2,40909,-60.16860405409519
2,13434,-60.29637236730766
2,31389,-60.41510211137732
2,26944,-60.52591921782093
2,57964,-60.628961410754876
2,29243,-60.728804481481674
2,19006,-60.829745942380605
2,21212,-60.93045546393927
2,29564,-61.033130856164185
2,26180,-61.128593547961586
2,13205,-61.22059862758902
2,69,-61.32265343414243
2,1196,0.0
2,15251,-61.424451876399765
2,244,-61.507948543186416
2,239,0.0
2,3272,-61.49470722464015
2,48596,-61.56832689323333
2,19385,-61.6367517103344
2,23124,0.0
2,30906,-61.71268857563122
2,52726,-61.79478244299799
2,32870,-61.86864576413462
2,25,-61.93520658252076
2,28846,-61.99938582354005
2,14327,-62.06386742602298
2,36226,-62.157022449613834
2,39220,0.0
2,8048,-62.24464147193144
2,21889,0.0
2,9928,-62.24803422597051
2,2489,-62.34266405133522
2,8890,0.0
2,25296,-62.4331554022715
2,6554,-62.51313112464419
2,21853,-62.58260248570861
2,14101,-62.64392548032085
2,36604,-62.6975224432213
2,296,-62.815261710575136
2,25615,-62.91809224110486
2,34963,0.0
2,30483,0.0
2,34585,0.0
2,28968,-62.90434821071941
2,28593,-62.89835911373555
2,28220,-62.89636009370437
2,28606,-62.89566703369976
2,33827,-62.895444180030864
2,33484,-62.89523643139945
2,28607,-62.89504511906379
2,28965,-62.895954527476334
2,229,-62.97511825161563