82
327
839
909
926
169
722
779
373
92
755
475
275
398
951
715
906
764
254
761
858
165
58
283
679
271
629
558
507
695
610
788
871
794
985
323
474
569
922
406
756
98
339
831
776
882
425
898
472
113
576
633
588
171
442
69
535
573
713
719
950
461
40
612
952
842
408
231
197
264
800
59
917
605
115
534
704
251
204
305
889
226
643
879
223
795
345
432
84
245
483
948
106
195
816
393
19
293
510
562
468
899
481
506
269
371
692
938
56
702
440
152
589
566
314
93
970
39
142
210
316
823
337
757
851
185
897
583
480
144
942
593
929
780
700
477
244
902
77
206
781
670
7
797
543
257
180
959
130
422
