1120514,1180211,53.28455963418538,1191480,202.34488503392194,1187420,53.15222666912943
1126831,1187653,16.50013515708253,1191480,85.02380117087922
1128240,1191440,148.2582218849839
1131647,1188390,52.639185691549635
1141479,1191480,74.20332238061427
1143252,1187698,131.81795698078633,1188858,106.6979257664118,1191329,73.4820571521009
1143689,1188390,60.495372649058346
1143969,1191480,127.47340620619691
1146456,1191478,53.61717363483361
1147468,1188784,88.7108218055494,1191319,209.48450253924383
1148963,1191480,76.60229956130186
1149171,1188397,57.72467116206869
1152238,1191460,55.037710862303655
1152295,1191480,83.41206188789349
1152360,1186960,49.31189786831457,1180017,62.43203898142264,1191480,57.39649758665343
1153359,1191480,124.8746590974011
1154264,1191317,91.42991578980198,1184125,54.65902838978746
1155862,1188787,55.72301236150841,1191480,128.6443660345786
1157162,1188899,65.02005274053103,1191480,211.21525279177794
1159591,1191480,66.20705581290642
1161711,1188852,87.33573772032803,1191480,60.019638884650504
1161843,1191444,75.07071297849575,1191480,88.3389980276931
1161945,1191474,110.75111083415666,1191231,50.714528717505594
1162319,1191429,53.90252336880125,1186938,100.47198874591196,1191471,122.59419878198877
1163330,1191355,85.41023745066765,1191468,54.61879257288457
1163811,1191480,64.45714534552118,1187938,104.74448933066289,1188750,75.55051444852297
1163892,1191431,68.46430372945876,1188668,66.65853031837793
1165055,1191480,56.336792254012096,1188649,117.79586892879742
1166474,1185207,182.103543915216,1187266,76.22821983125904,1188641,116.49381577163378
1167810,1191412,113.93389363207936,1191419,85.60322466572127
1167979,1191480,78.93230532428065
1168753,1181791,137.70180943288193,1191469,133.53851739398186
1168780,1191426,106.36883668713051,1191225,73.79666163982873
1168863,1191440,88.04346137674128,1191480,140.62376544816505
1168899,1191466,78.48499540774462,1191480,77.02422620385244
1169185,1191428,53.51343193192971,1191402,108.38926620018877
1169408,1191480,76.31150337950339,1178362,61.44584799779564
1170561,1191440,64.88172724529242
1170711,1188420,94.17044635302184
1171092,1191478,57.24428622140697,1187721,115.5141187880662
1171141,1191480,110.24233708089648
1171261,1190436,101.46314394233409,1191480,49.6638003176116
1172072,1177200,111.18123072126099,1191480,52.70340757182591,1186589,66.78877466222676,1191397,51.877677509030065
1172859,1191474,75.73016968133496,1188599,53.57683655439861,1191388,71.64617591639085
1173172,1180211,81.12189048366062,1187420,81.7734731266222
1173305,1191479,82.80040744207938,1188397,105.55798479987455
1173402,1191480,58.13822137098622,1191270,51.20965387388049
1173682,1188759,84.67435257690363,1191480,70.84817105742006,1190667,123.11340557818157
1173797,1191319,75.79132467158209,1191464,114.16786396916775
1174315,1188852,91.0076936293388,1191480,63.4545788759085
1174443,1188852,109.80503856294087,1186021,122.50092936183955,1191480,49.89390068880216
1174921,1190929,165.40706157214208,1191480,53.39287304619005,1176611,131.54872272174103
1175152,1186960,49.32528295282148,1180017,74.3898555291808,1188852,86.77065417153347,1186779,82.62940520728094,1191480,67.4559490272029
1175597,1188852,82.54220133201473,1191480,75.53875096668854,1186021,76.91417124122661
1175986,1178655,143.26947423451344,1191428,79.87642061874475,1191460,86.37473437275442,1191150,58.27665044068912
1176367,1183764,55.364668534154774,1191096,138.83636855758158,1188873,66.09250167453214
1176611,1190929,57.38418281056673,1174921,131.54872272174103,1188852,85.70967183060564,1191480,147.17331746659
1176839,1191431,103.64236534300251,1191353,52.043922349479985
1177140,1191480,97.68514943021877,1187705,63.12742907833367
1177200,1191480,114.21575952354986,1186589,62.01356143935437,1191329,63.27189254574348,1172072,111.18123072126099
1177482,1191480,55.44772097850938
1177749,1191479,160.00230442145863,1188878,94.38417344462546
1177779,1191414,61.275761075849786,1191466,56.299354230840166
1178175,1191480,56.860926803989834
1178195,1188850,58.78835083560798,1191383,58.823920086573054,1191412,56.6160121901479,1191392,113.86880298645568,1188910,92.38833201066856
1178316,1191463,32.25670809237148
1178362,1191440,71.16541184226769,1191480,108.27389736299855,1169408,61.44584799779564,1189834,69.44564436975915
1178574,1191338,60.81186640231224,1188783,61.7200086354973
1178655,1175986,143.26947423451344,1191428,99.9140092609871
1178754,1191428,76.15543787399925,1188207,53.67632050358214
1178905,1188390,107.66094304919044,1191396,116.5021330014181
1178957,1188852,87.7473911221734,1191480,66.28039454661574
1179064,1188759,80.96161190299637,1191480,149.3781044512917,1190667,58.40506316838697
1179044,1191463,50.965739177265384
1179176,1191463,60.640485504848584,1188901,217.78547069424448
1179512,1187266,92.36546691755224,1188641,52.735555429221094
1179502,1191428,77.96287951933628,1191460,68.76903574655867
1179587,1191419,87.90890102983374,1188668,87.28444926866472
1179666,1191283,51.12652741911242,1188816,93.81770979741542,1191472,146.5473135477434,1185211,80.10529935878142,1191480,76.63260689133845,1186669,56.2081917999056
1179857,1191442,52.24844343197058,1191480,72.62474801269751
1179880,1188901,142.3973153206126,1188155,109.26078544030958
1180017,1175152,74.3898555291808,1186960,83.39482253988393,1152360,62.43203898142264,1191480,63.15035420660879
1180009,1191461,49.11376883956377,1189515,24.437821511431387,1191099,53.71403401193162,1188910,71.93535433237663
1180211,1173172,81.12189048366062,1191480,157.27825677707682,1187420,52.3956992365226,1120514,53.28455963418538,1187848,58.057701145986215
1180458,1191317,67.81659388573662,1191354,63.054957709424464
1180629,1191431,87.14412574682771,1191414,53.489612357657506,1186683,58.743438451385096,1191466,120.77753818515386
1180637,1191392,55.9207059822168,1191412,131.90983157691414,1188910,87.10294582208283
1180666,1191480,63.510762993775714,1188873,142.14818091568688
1180850,1191480,113.66942934874209
1180889,1191480,54.486710762593496,1188889,69.85808651084564,1191395,87.56997965018476
1181149,1191390,142.96989501651805,1188420,93.8469136963609
1181268,1191432,58.48848918946471,1188911,62.04721786417225
1181337,1188911,61.31433247858623
1181375,1188860,76.77949260776647,1188516,86.91321923330113,1191172,98.65966717724038,1191468,96.4739081803757
1181406,1188860,75.47706135581316,1191468,102.1330815092453
1181479,1191232,100.97480490580749,1191480,89.33837304842619
1181791,1168753,137.70180943288193,1191442,60.46359907825437,1189928,65.17991513306937,1191469,67.78860744301456
1182258,1185394,72.23496253109536,1191410,79.75864004426887,1188858,147.39491682675921,1191337,114.0581346012121
1182246,1191317,72.38667866527378,1191354,64.5850897455348
1182245,1191480,152.62202989513003
1182404,1182560,69.86608569898726,1191480,53.540884727300856,1191455,51.40010803587432
1182560,1191480,75.21023441109092,1191455,99.95859683296854,1182404,69.86608569898726
1182617,1191415,55.04567337135985,1191480,145.08857786475662,1188873,62.393655946287474
1182908,1191339,75.52055319337467
1183107,1191455,66.82510108283495,1191467,145.4021257703921,1184909,63.061862354811545
1183154,1191432,76.04372814171796,1188911,64.30716741361691,1191325,127.95938180635542
1183374,1191480,86.73840031085702,1188649,71.15794895481
1183674,1188218,109.62720780717692,1191451,62.0935466672095,1191480,132.9483672672843,1191385,111.79553997064977
1183717,1186960,132.4781967339906,1188816,166.8060905271481,1191472,59.335624825736396,1188852,99.57221717112672,1191439,111.17836929850111
1183764,1191096,100.7527760259258,1191232,99.84809424730354,1188873,96.9724517152617,1176367,55.364668534154774
1183806,1191412,77.6456026166187,1191419,52.14396850435048
1183839,1185207,84.86009906609361,1191354,64.31280789380463
1184125,1191317,69.67158205574546,1191354,63.57031675211541,1154264,54.65902838978746
1184522,1191461,60.059322933500574,1188910,62.37751636713238
1184579,1185394,76.74043838398516,1191410,72.86371611496236,1188858,85.41847000876737,1191098,56.16541543140909,1191480,84.13115320129805
1184621,1191419,50.933578452814544,1191480,96.03084686752818
1184667,1190667,171.2248069377823,1191147,50.802606417963204,1188766,104.94023388588488
1184769,1191479,118.89703102352252,1188900,77.66496224688314
1184816,1186576,101.99504045326746,1191480,109.9428367840336,1188643,54.5863629270051
1184806,1188643,95.77344679681157,1186576,49.266066091044024,1191416,81.11287962731141,1191480,167.9551234335142
1184893,1191451,54.982432548361196
1184909,1191475,51.15236686541253,1191455,55.09994434926422,1183107,63.061862354811545,1191467,157.85562191963197,1188557,61.37845557836353
1185071,1191480,57.00594197512504,1187908,85.04405900593055,1191374,55.59137705835445
1185088,1191480,60.22948022325065
1185135,1191480,51.38960032259735
1185207,1191317,79.11424717606515,1191354,64.87459838324914,1187262,90.81980816595906,1183839,84.86009906609361,1187266,134.282202196657,1188641,101.29906679882762,1166474,182.103543915216
1185211,1179666,80.10529935878142,1191283,87.5462387602759,1191480,62.48373810504981
1185394,1182258,72.23496253109536,1191410,50.55573163990676,1188858,100.58262830524602,1184579,76.74043838398516,1191337,66.47356818679076
1185410,1191440,88.12493214042976
1185525,1188784,64.24480885254079,1191319,153.59001964792535,1191130,243.05294848978463,1188411,42.68755943751724
1185701,1188560,74.25999590635496,1188668,75.40990830508953
1185869,1191464,117.34974228513138
1185953,1188860,87.66463342484484,1190667,76.11403651287155,1191147,77.82765061630226
1186021,1190929,79.95060539870398,1188852,82.86796568501317,1174443,122.50092936183955,1191480,125.10698651163935,1175597,76.91417124122661
1186109,1191431,57.83853212849296,1191466,85.91424151565498,1191480,100.18087925237297,1188892,101.25803300802309
1186119,1191419,122.1218251496441,1191480,67.32651004861106
1186247,1191448,131.0805103497602,1191480,67.09024419480048,1191228,54.68802383217299
1186379,1191480,162.43383381162124,1191193,84.82300407836205,1191468,165.37220285785745,1191309,65.9329239901518
1186428,1190880,74.66890558920049,1188390,130.40887738404513,1191339,111.6576076153805
1186460,1191442,50.42734828312541,1188634,103.80786615938014,1187608,110.67682673987719,1191480,59.596902602368154
1186576,1188643,124.60546788612142,1184816,101.99504045326746,1184806,49.266066091044024,1191480,200.85445455274632
1186589,1177200,62.01356143935437,1191480,77.81205409079918,1191329,57.29168634787022,1191397,89.56461330656155,1172072,66.78877466222676
1186569,1191463,133.94471239277377,1188901,122.41142478557425,1190667,132.6312787115893
1186594,1187698,82.30966576536365,1190708,63.00330080724903,1188858,98.8459344767076
1186683,1191414,51.61541936852857,1191431,62.203199831840564,1180629,58.743438451385096
1186658,1191480,77.13904241726237
1186669,1179666,56.2081917999056,1191472,123.93498695789391,1191480,92.13539089362408
1186779,1175152,82.62940520728094,1186960,89.41490095085511,1190929,81.89596749351048,1188852,81.28956757835302,1191480,124.26465481409105,1191439,75.58307911634873
1186807,1191477,92.45582043993628,1191387,211.92937334244604,1191455,66.4851591031161
1186832,1188896,63.55621758346679,1191414,83.63621769949067,1191466,39.67187510728403
1186894,1188535,154.882801635415,1191476,208.15933997060387,1191480,74.73358284764548,1191294,103.15475254589859
1186938,1188128,61.158116052505726,1191429,145.29891706661212,1191480,63.40769567522997,1191471,61.69703646575274,1162319,100.47198874591196
1186960,1175152,49.32528295282148,1191472,157.64878189203378,1180017,83.39482253988393,1188852,93.560380211036,1183717,132.4781967339906,1186779,89.41490095085511,1152360,49.31189786831457,1191480,76.79263187896183
1187081,1191480,105.30942170695263
1187262,1188641,70.14187289949258,1185207,90.81980816595906,1191317,55.26642674145867
1187266,1188641,89.68254150549599,1185207,134.282202196657,1191354,169.46945333490046,1179512,92.36546691755224,1166474,76.22821983125904
1187339,1188390,137.87904541564578,1191239,63.34872101279907,1191228,154.79497875908655
1187420,1180211,52.3956992365226,1120514,53.15222666912943,1173172,81.7734731266222,1187848,58.260777514876295,1191480,159.57640928171725
1187404,1191460,55.273140617140655
1187478,1191479,77.05466673173586,1188900,59.6660487479845,1191225,73.02880982351985,1188878,64.89623634907721
1187548,1191474,109.49249852309346,1191479,78.68130980670881,1191480,81.07561233361812,1188397,101.523166052793
1187608,1188634,67.07524128707033,1191480,112.41428624209918,1186460,110.67682673987719
1187619,1191477,137.64814581452168,1191387,51.043452098363716,1191480,158.5998669227746,1191455,192.49885537875707,1191341,62.58846041604241
1187653,1191430,57.403216567996644,1191451,168.79734716583923,1191480,72.83469456065045,1126831,16.50013515708253
1187698,1143252,131.81795698078633,1190708,101.78658391539403,1188858,93.72327098755893,1186594,82.30966576536365,1191329,93.13320218784881,1191337,92.44375893340069
1187705,1191410,50.75352062758159,1177140,63.12742907833367,1191480,71.2471893764496,1188889,71.92935446514552,1191395,64.52586079945544
1187721,1191478,82.15023039757438,1171092,115.5141187880662
1187842,1188390,160.83928101966976,1191448,60.1941704998632
1187848,1180211,58.057701145986215,1191480,189.52906214750743,1187420,58.260777514876295
1187908,1191480,92.30611269208907,1191374,61.8417962965501,1185071,85.04405900593055
1187938,1188759,82.77339100262265,1191480,139.89964887894962,1163811,104.74448933066289,1190667,61.04859321650503,1188750,153.23904131842957,1191468,141.4173192865428
1188010,1191480,68.56340651883106
1188036,1188897,70.94327364563016,1190806,118.82699695732308,1191172,121.52498375892345,1190667,78.62873270077262,1191305,94.48789858694423,1188860,89.49419736929909
1188123,1191334,79.92391618768842,1191291,51.40289397208322
1188155,1188901,97.53338263639792,1190667,118.87838824486873,1179880,109.26078544030958
1188128,1191429,171.14024795715147,1186938,61.158116052505726,1191480,59.963012092939294,1191471,54.87915341800042
1188218,1183674,109.62720780717692,1191451,91.56007285526614,1191480,70.80393176373872,1188900,70.56949097305107,1191471,70.71425102051586
1188223,1191478,50.779576508654515,1190455,57.64289906138563,1191480,91.17227102053674
1188193,1191480,68.41418226648578,1190959,150.49709982225806
1188207,1191475,49.825273302255525,1191455,56.12378058273845,1178754,53.67632050358214,1191428,55.81173412966909,1191464,86.66321562304314
1188238,1188759,117.11007422245817,1191480,62.52175056313363
1188260,1188548,54.631398425974666,1190837,29.181937176644443,1191397,147.9239968017401,1191480,122.8657487916344,1189244,74.42783728862435
1188328,1191392,61.04890942326945,1191432,72.45006149848106,1191325,104.26643662570463
1188411,1191475,50.97622076440062,1188784,76.20639771150199,1191319,148.09498100471114,1185525,42.68755943751724,1191130,229.4717185795424,1191464,114.73766722416745
1188390,1178905,107.66094304919044,1191448,130.5286483060691,1187842,160.83928101966976,1191239,186.37238129165848,1143689,60.495372649058346,1187339,137.87904541564578,1191480,70.63510122101374,1131647,52.639185691549635,1186428,130.40887738404513,1190140,63.27099488206611,1191228,61.83841480259818,1190880,84.26935022259588,1191396,61.88258669622093,1191339,67.56452880209223
1188397,1191386,95.111645762993,1191257,52.567103996635645,1187548,101.523166052793,1191426,124.68362227968652,1191474,54.57260506839474,1149171,57.72467116206869,1191479,65.93428469469647,1173305,105.55798479987455,1191466,68.3370104193791
1188420,1170711,94.17044635302184,1191390,110.9335846053153,1188783,106.74854055844325,1181149,93.8469136963609
1188535,1191476,88.3504856092436,1191480,122.10448567876243,1186894,154.882801635415
1188512,1191480,96.44273758834017
1188516,1191172,50.312490012858575,1191476,162.4906355950047,1191480,60.73447127359562,1191305,54.70191872094946,1181375,86.91321923330113,1191468,50.06118872106252
1188560,1188850,109.40285362941269,1191431,82.32710237639391,1185701,74.25999590635496,1191419,101.53404412996538,1188668,93.15221424808723
1188548,1188260,54.631398425974666,1190837,52.40266544278873,1191397,113.72312186839326,1188858,78.1046358094643,1191337,51.58386093726965,1189244,53.871767692173535
1188557,1191475,64.94162099028247,1191467,137.95849433016184,1184909,61.37845557836353
1188599,1191474,71.19455715654345,1172859,53.57683655439861,1191324,56.871760135846955,1191388,86.49352914613966
1188580,1191480,63.1113921932532,1191391,50.77265853974074,1191270,50.959320735006756
1188586,1191451,149.18281066180248,1191480,69.67723250967776,1191430,57.05265302732649
1188634,1191442,95.4039723683963,1187608,67.07524128707033,1191480,106.16506985583472,1186460,103.80786615938014
1188668,1188560,93.15221424808723,1179587,87.28444926866472,1163892,66.65853031837793,1191431,86.95003473935881,1185701,75.40990830508953,1191419,121.87600042952566
1188643,1184816,54.5863629270051,1186576,124.60546788612142,1191416,49.882000964533006,1191480,93.16777895472703,1191455,121.11155011935921,1184806,95.77344679681157,1191460,71.43601813565722
1188641,1185207,101.29906679882762,1191317,60.17534366573126,1191354,124.26368497858192,1179512,52.735555429221094,1187262,70.14187289949258,1190718,58.10461505312798,1187266,89.68254150549599,1166474,116.49381577163378
1188649,1191415,61.22965476537249,1191480,139.81100807070732,1183374,71.15794895481,1165055,117.79586892879742
1188705,1191454,64.80449544202075,1191408,69.7719269420887,1190973,111.97291431586791,1191461,53.34968717998346,1191083,61.74175548551785
1188718,1191463,167.4372324030786,1188901,91.05711828986892,1190667,82.99155603533497
1188759,1173682,84.67435257690363,1179064,80.96161190299637,1191480,120.8210457679636,1187938,82.77339100262265,1191463,160.29533581635377,1190667,89.55914105049216,1188238,117.11007422245817
1188766,1184667,104.94023388588488,1190667,87.20838041467299,1191147,81.2143559149132,1188750,127.81995950662024,1191468,113.80208414023878
1188750,1191480,65.60809360394747,1188766,127.81995950662024,1187938,153.23904131842957,1163811,75.55051444852297,1190667,189.7867148705321,1190345,130.85936277207293,1191468,58.01941849867018
1188748,1191477,81.0934029492438,1191416,95.5996559084867,1191480,76.1852814582466,1191455,75.78209095842328
1188787,1191362,51.90702797060331,1155862,55.72301236150841,1191480,91.0918316191898
1188784,1191475,65.0285863540459,1191319,126.09378915451964,1185525,64.24480885254079,1191130,214.3954649927866,1188411,76.20639771150199,1191464,94.5897051223584,1147468,88.7108218055494
1188783,1191480,78.81247372238651,1191390,68.38876408639769,1188420,106.74854055844325,1191338,60.42716976172485,1189449,87.97962679084529,1178574,61.7200086354973
1188816,1179666,93.81770979741542,1191283,99.11394020590261,1191472,189.47934344937042,1191480,80.15095753551847,1183717,166.8060905271481,1191439,99.19330573676345
1188850,1188560,109.40285362941269,1178195,58.78835083560798,1191383,57.35990561451873,1191419,55.69606598320022,1191069,49.317562200725476,1191392,120.32772010823538,1191431,72.98311525383043,1188910,98.5842818887459
1188852,1186960,93.560380211036,1190929,99.29184627500301,1186779,81.28956757835302,1178957,87.7473911221734,1191439,85.8156496263893,1175152,86.77065417153347,1191480,115.13107137073062,1176611,85.70967183060564,1186021,82.86796568501317,1183717,99.57221717112672,1174443,109.80503856294087,1174315,91.0076936293388,1175597,82.54220133201473,1161711,87.33573772032803
1188858,1143252,106.6979257664118,1191042,99.33565259397064,1184579,85.41847000876737,1188548,78.1046358094643,1187698,93.72327098755893,1185394,100.58262830524602,1182258,147.39491682675921,1190708,123.29444111314429,1191098,82.17855071653516,1191480,111.76512514732774,1186594,98.8459344767076,1191329,81.60883224500253,1191397,127.04761705360873,1191337,81.15388650234149,1191407,99.50756430745848
1188860,1190806,90.33015057484636,1181406,75.47706135581316,1181375,76.77949260776647,1185953,87.66463342484484,1188897,88.91730658203609,1188036,89.49419736929909,1191172,86.78563690752436,1190667,119.16264893156834,1191147,68.8386703591553,1191305,74.04214014843683,1191436,106.08894059407496,1191468,85.98005719372418
1188836,1191374,68.89019675813758,1191391,86.47468964525719
1188889,1191395,74.94065449541014,1191480,78.7545138282788,1180889,69.85808651084564,1187705,71.92935446514552
1188892,1191480,65.94190446630927,1186109,101.25803300802309,1191457,63.87878409663895,1191431,74.64312291744143
1188873,1191415,66.62905018833882,1183764,96.9724517152617,1180666,142.14818091568688,1191096,152.55613171884156,1191480,140.03056249846068,1182617,62.393655946287474,1191232,148.51522729583078,1176367,66.09250167453214
1188878,1177749,94.38417344462546,1187478,64.89623634907721,1191479,106.25155635750241,1191225,61.79010797468653,1191426,60.963146339857275,1188900,75.46900405043955
1188899,1191480,160.5733833934654,1157162,65.02005274053103
1188896,1186832,63.55621758346679,1191414,62.82837842415665,1191431,56.3650337960193,1191466,63.78580236217427
1188897,1190806,115.75223238786168,1191476,77.24741084868744,1188860,88.91730658203609,1188036,70.94327364563016,1191305,92.32552068081493
1188900,1187478,59.6660487479845,1191479,77.83974437949058,1188218,70.56949097305107,1191480,82.33247749226469,1191225,82.63743991274647,1184769,77.66496224688314,1188878,75.46900405043955
1188901,1191463,163.84997189351319,1188155,97.53338263639792,1179176,217.78547069424448,1190667,79.59550258439435,1179880,142.3973153206126,1186569,122.41142478557425,1188718,91.05711828986892
1188904,1191480,166.39223454935606,1190398,73.72671317424255,1191471,169.53055655651917
1188910,1188850,98.5842818887459,1178195,92.38833201066856,1191099,119.5757889682358,1191353,68.39074983803513,1180637,87.10294582208283,1191069,106.89351074768891,1191392,64.04616008117809,1191431,55.02085883750202,1191461,53.24494046723342,1184522,62.37751636713238,1189515,89.8564716548265,1180009,71.93535433237663
1188911,1183154,64.30716741361691,1181268,62.04721786417225,1191480,71.22459010949012,1181337,61.31433247858623,1191325,110.26046874952965,1191432,76.71794868310185
1189184,1191325,44.97282849040379
1189244,1188260,74.42783728862435,1188548,53.871767692173535,1190837,81.57063237162568,1191397,82.84378505771991
1189219,1191480,65.74036053603523
1189230,1191466,68.71291171796362
1189276,1191480,57.78425271488772
1189293,1191440,58.30132112608026
1189449,1191480,128.45246219023366,1188783,87.97962679084529
1189452,1191480,72.96191379891012,1191455,104.28352242160229
1189487,1190837,24.653614964205385
1189515,1191461,67.92838026554246,1191099,34.7220073809952,1180009,24.437821511431387,1188910,89.8564716548265
1189576,1191461,55.675464787939575
1189778,1191412,67.0579532257718,1191437,65.78963477914705
1189834,1191440,100.15841026519603,1191480,151.12387730654342,1178362,69.44564436975915
1189928,1191442,50.34014266198556,1181791,65.17991513306937,1191469,64.97787541926407
1190035,1191480,63.070904538389186
1190048,1191480,60.992300462715725
1190058,1191480,133.1967788377364
1190140,1190880,52.57746530740842,1188390,63.27099488206611,1191480,55.80901152794719
1190161,1191461,52.06889252270846
1190158,1190546,52.03738064330512
1190329,1191480,121.81041627753194
1190342,1191480,80.73033554088417,1191468,76.57248368779038
1190345,1188750,130.85936277207293,1191468,119.17181573890007
1190398,1188904,73.72671317424255,1191480,99.96102616033662,1191471,103.21482477983301
1190424,1191474,114.59175815319796,1191466,60.75112260724599,1191231,54.51465631379361
1190451,1191310,75.62188309293043,1191325,31.829019232734797
1190455,1191480,121.09007664239843,1188223,57.64289906138563
1190436,1191480,95.16572703114065,1171261,101.46314394233409,1191405,99.26576191608866
1190509,1191362,79.31429805314723,1191480,137.64395246188985
1190546,1190951,104.75330313013563,1191143,159.5381687134719,1191480,65.06253750856794,1190158,52.03738064330512
1190600,1191480,53.823524501256806
1190628,1191345,52.53453358362689,1191460,59.8145419851482
1190667,1173682,123.11340557818157,1188759,89.55914105049216,1179064,58.40506316838697,1184667,171.2248069377823,1188155,118.87838824486873,1191480,-7.986870836745062E9,1188766,87.20838041467299,1188860,119.16264893156834,1187938,61.04859321650503,1185953,76.11403651287155,1191463,227.33609421294176,1188036,78.62873270077262,1188901,79.59550258439435,1191147,133.18046579321683,1186569,132.6312787115893,1188750,189.7867148705321,1188718,82.99155603533497,1191468,180.324233451641
1190710,1191426,53.949236137512315,1191480,61.7509519226565,1191225,87.17511933550357
1190708,1187698,101.78658391539403,1186594,63.00330080724903,1188858,123.29444111314429,1191337,146.94812201307917
1190718,1188641,58.10461505312798,1191317,54.15568357759554
1190775,1191430,136.23046277239357,1191480,121.11649766398082
1190806,1188897,115.75223238786168,1188036,118.82699695732308,1188860,90.33015057484636
1190788,1191480,105.98125877555069
1190837,1191478,73.98371668249304,1191480,128.577740787849,1189244,81.57063237162568,1188260,29.181937176644443,1188548,52.40266544278873,1191397,154.20901045977703,1191337,72.77539995552206,1189487,24.653614964205385
1190879,1191387,78.75317541447214,1191455,150.77417810850181
1190850,1191480,52.33688221762601
1190880,1188390,84.26935022259588,1191339,47.88849610710516,1191480,84.08743766373387,1190140,52.57746530740842,1186428,74.66890558920049
1190929,1176611,57.38418281056673,1188852,99.29184627500301,1186021,79.95060539870398,1174921,165.40706157214208,1186779,81.89596749351048,1191480,176.84290997230852
1190913,1191334,50.62981556202087
1190924,1191334,54.51796804040798,1191034,75.64339155461082,1191291,51.908724166345834,1191469,62.363247201690065
1190970,1191310,50.70246262172982
1190973,1188705,111.97291431586791,1191461,99.0205346264404,1191083,77.34700822107894
1190951,1190546,104.75330313013563,1191143,70.8038428385722,1191480,70.21256902367834
1190959,1188193,150.49709982225806,1191291,42.378987797004946,1191480,144.18886493203354
1191005,1191480,55.49387602503553
1191027,1191480,65.75475794356265,1191471,68.66361310989431
1191034,1191291,118.03171381075165,1191480,52.509336655362354,1190924,75.64339155461082,1191469,51.043724050450535
1191017,1191480,55.640530060708564
1191062,1191480,106.73693023634686,1191405,87.90659333793688
1191069,1188850,49.317562200725476,1191431,73.94674590825848,1188910,106.89351074768891
1191042,1191329,64.4970651431868,1188858,99.33565259397064,1191480,53.788118190521146
1191098,1184579,56.16541543140909,1188858,82.17855071653516,1191480,67.83462495945118,1191407,54.63451016652887
1191099,1191461,97.80417883322275,1189515,34.7220073809952,1180009,53.71403401193162,1188910,119.5757889682358
1191096,1191232,40.45204854338525,1183764,100.7527760259258,1191480,54.91406733236457,1188873,152.55613171884156,1176367,138.83636855758158
1191083,1191360,112.53118900489335,1191408,36.56219298864508,1188705,61.74175548551785,1191461,46.18822621694072,1190973,77.34700822107894
1191080,1191362,66.69102834347993,1191480,123.45784282795549
1191130,1188784,214.3954649927866,1191319,100.10955432089553,1185525,243.05294848978463,1188411,229.4717185795424
1191165,1191442,76.68634578406312,1191474,130.40317147946087,1191480,92.30497044535944,1191324,75.86812372966868,1191469,71.96078997483447
1191143,1190546,159.5381687134719,1190951,70.8038428385722,1191444,117.04518232579824,1191480,107.28220321998043
1191147,1185953,77.82765061630226,1184667,50.802606417963204,1190667,133.18046579321683,1188766,81.2143559149132,1188860,68.8386703591553,1191436,85.47409739089103,1191468,60.80608502510149
1191145,1191397,55.35010549322569,1191480,51.910414899920895
1191150,1175986,58.27665044068912,1191428,91.91716016081011,1191460,101.46867294789186,1191455,49.14479987701583
1191188,1191387,82.97148384808712,1191455,146.47303036143927
1191195,1191451,87.8649501413115,1191480,55.1404862268932
1191193,1186379,84.82300407836205,1191480,98.36649189409157,1191468,97.50159562293858,1191309,55.49697267778863
1191172,1188036,121.52498375892345,1188516,50.312490012858575,1191305,55.4561717607857,1181375,98.65966717724038,1188860,86.78563690752436
1191177,1191480,53.47778558037164
1191225,1191426,50.9230283283232,1190710,87.17511933550357,1187478,73.02880982351985,1188900,82.63743991274647,1191480,125.98116185059452,1188878,61.79010797468653,1168780,73.79666163982873
1191231,1191474,69.06529547588738,1191408,66.30324273391095,1161945,50.714528717505594,1191466,34.374699962873514,1190424,54.51465631379361
1191228,1188390,61.83841480259818,1186247,54.68802383217299,1191239,209.42146379200142,1187339,154.79497875908655,1191448,145.10760676969446,1191480,55.41340909716024
1191212,1191347,74.50835860150677,1191475,90.14265462113802,1191480,69.42617410142525
1191257,1191386,108.9541124418124,1191466,67.8293531670609,1188397,52.567103996635645
1191232,1181479,100.97480490580749,1191415,192.2470613397115,1183764,99.84809424730354,1191096,40.45204854338525,1191480,55.76711348641643,1188873,148.51522729583078
1191239,1188390,186.37238129165848,1187339,63.34872101279907,1191448,75.47367455682647,1191228,209.42146379200142
1191240,1191475,171.85167794347532,1191440,82.27798523390065
1191283,1179666,51.12652741911242,1188816,99.11394020590261,1191472,130.70571899416555,1185211,87.5462387602759,1191480,85.83806212174599
1191285,1191461,87.56584733755447,1191325,33.868628585242924
1191291,1191334,100.77439276443049,1191034,118.03171381075165,1188123,51.40289397208322,1191480,113.6912520696402,1190959,42.378987797004946,1190924,51.908724166345834
1191294,1191476,131.24434613338536,1191480,68.297289969013,1186894,103.15475254589859
1191270,1188580,50.959320735006756,1191480,68.61949022922721,1173402,51.20965387388049,1191391,56.340062093694264
1191278,1191474,109.56873524891283,1191334,50.875528698541224,1191323,58.513125512022356,1191326,60.17339041978847,1191454,92.8188637382888,1191388,43.459603568186665
1191319,1191475,142.62628361971602,1188784,126.09378915451964,1173797,75.79132467158209,1185525,153.59001964792535,1191130,100.10955432089553,1188411,148.09498100471114,1191464,51.17206915637796,1147468,209.48450253924383
1191316,1191479,54.954589435314716
1191317,1188641,60.17534366573126,1182246,72.38667866527378,1185207,79.11424717606515,1180458,67.81659388573662,1191354,91.60796546683537,1154264,91.42991578980198,1191310,53.37633219382419,1187262,55.26642674145867,1190718,54.15568357759554,1184125,69.67158205574546
1191323,1191461,77.8321452072518,1191278,58.513125512022356,1191454,141.94811421873402
1191326,1191474,156.53444244571028,1191408,51.25164524352672,1191278,60.17339041978847,1191454,139.1414994904844
1191324,1191474,71.47444401880105,1188599,56.871760135846955,1191388,82.56700628480716,1191165,75.86812372966868,1191469,52.91060729027053
1191325,1183154,127.95938180635542,1190451,31.829019232734797,1191285,33.868628585242924,1189184,44.97282849040379,1191392,117.69477216174013,1191461,64.19865991720215,1188328,104.26643662570463,1191304,113.26702807705324,1191432,74.30034469756073,1191310,58.404290073742686,1188911,110.26046874952965
1191304,1191461,57.12253254236556,1191310,59.32484622986251,1191325,113.26702807705324
1191305,1188897,92.32552068081493,1188036,94.48789858694423,1188516,54.70191872094946,1191172,55.4561717607857,1191476,144.06331846782214,1188860,74.04214014843683
1191310,1190451,75.62188309293043,1191317,53.37633219382419,1190970,50.70246262172982,1191304,59.32484622986251,1191325,58.404290073742686
1191309,1186379,65.9329239901518,1191480,136.40730469879898,1191193,55.49697267778863
1191347,1191480,118.54339773231962,1191212,74.50835860150677
1191344,1191480,66.52787550687859
1191345,1190628,52.53453358362689,1191460,101.53247478241796,1191480,123.86196466894634
1191354,1187266,169.46945333490046,1188641,124.26368497858192,1182246,64.5850897455348,1185207,64.87459838324914,1191317,91.60796546683537,1180458,63.054957709424464,1183839,64.31280789380463,1184125,63.57031675211541
1191355,1163330,85.41023745066765,1191468,53.311415100781154
1191353,1191431,83.62981189549079,1176839,52.043922349479985,1191461,73.35337402778433,1191466,50.82269575924567,1188910,68.39074983803513
1191329,1187698,93.13320218784881,1191042,64.4970651431868,1177200,63.27189254574348,1191430,80.56006483208483,1143252,73.4820571521009,1191397,92.19447612271932,1188858,81.60883224500253,1191480,72.4394913918038,1186589,57.29168634787022
1191334,1190913,50.62981556202087,1188123,79.92391618768842,1191291,100.77439276443049,1191278,50.875528698541224,1190924,54.51796804040798,1191388,77.83154481044448,1191469,51.60354376990279
1191338,1191397,105.28025508233449,1191480,83.54184286502539,1191390,72.9798678264019,1188783,60.42716976172485,1178574,60.81186640231224
1191339,1190880,47.88849610710516,1188390,67.56452880209223,1191396,55.98069034904736,1191480,61.258832439983266,1182908,75.52055319337467,1186428,111.6576076153805
1191337,1187698,92.44375893340069,1182258,114.0581346012121,1185394,66.47356818679076,1191410,62.07102321796627,1188548,51.58386093726965,1190708,146.94812201307917,1190837,72.77539995552206,1191397,92.09975482316183,1188858,81.15388650234149,1191480,73.46492560159913
1191341,1187619,62.58846041604241,1191387,78.4224128247873,1191455,152.1011526260716
1191383,1188850,57.35990561451873,1178195,58.823920086573054,1191392,149.65118800838337,1191412,72.79478087882318,1191419,53.54824473631151
1191386,1191474,105.317124866861,1191466,54.96782577237377,1191257,108.9541124418124,1188397,95.111645762993
1191387,1187619,51.043452098363716,1186807,211.92937334244604,1191188,82.97148384808712,1191477,164.19880728434316,1191480,187.32745923186965,1190879,78.75317541447214,1191455,223.10691240324195,1191341,78.4224128247873
1191385,1183674,111.79553997064977,1191371,66.46489054570087,1191451,88.05923136164847,1191480,62.49959923532164
1191390,1191478,60.94331098589225,1188420,110.9335846053153,1191338,72.9798678264019,1191480,61.3489645861836,1188783,68.38876408639769,1181149,142.96989501651805
1191391,1191270,56.340062093694264,1188836,86.47468964525719,1188580,50.77265853974074,1191480,57.80211686785071,1191374,54.57619516736638
1191388,1191474,135.90230890905443,1191334,77.83154481044448,1188599,86.49352914613966,1172859,71.64617591639085,1191278,43.459603568186665,1191324,82.56700628480716,1191469,77.03134968094676
1191362,1188787,51.90702797060331,1191080,66.69102834347993,1191480,76.74416315881636,1190509,79.31429805314723
1191360,1191408,124.26808266409981,1191425,149.3498738039143,1191461,87.20805534282445,1191466,64.93957485436063,1191083,112.53118900489335
1191371,1191451,41.029000582309145,1191480,80.07602587890824,1191385,66.46489054570087
1191374,1187908,61.8417962965501,1188836,68.89019675813758,1191480,66.63976871959649,1185071,55.59137705835445,1191391,54.57619516736638
1191410,1182258,79.75864004426887,1185394,50.55573163990676,1184579,72.86371611496236,1191480,63.99489934320313,1187705,50.75352062758159,1191337,62.07102321796627
1191408,1191474,124.54336677441697,1191360,124.26808266409981,1188705,69.7719269420887,1191461,57.62863713751732,1191466,72.0811951363883,1191083,36.56219298864508,1191480,87.58886417033436,1191326,51.25164524352672,1191454,108.68345528288701,1191231,66.30324273391095
1191414,1186832,83.63621769949067,1177779,61.275761075849786,1188896,62.82837842415665,1191431,53.00589030448826,1180629,53.489612357657506,1191466,84.77809638665738,1186683,51.61541936852857
1191415,1191232,192.2470613397115,1191480,178.56900556338007,1188873,66.62905018833882,1188649,61.22965476537249,1182617,55.04567337135985
1191412,1189778,67.0579532257718,1178195,56.6160121901479,1191392,91.6879137355707,1167810,113.93389363207936,1191383,72.79478087882318,1191419,49.51824611791305,1191432,55.81381119944922,1191480,78.73542183386192,1183806,77.6456026166187,1180637,131.90983157691414,1191437,28.070759514508406
1191419,1188850,55.69606598320022,1188560,101.53404412996538,1191383,53.54824473631151,1191412,49.51824611791305,1191480,104.44157373940682,1183806,52.14396850435048,1188668,121.87600042952566,1179587,87.90890102983374,1167810,85.60322466572127,1191457,152.56980453852785,1191430,116.44167891000313,1186119,122.1218251496441,1191431,61.99576531276056,1184621,50.933578452814544,1191437,45.0722228018412
1191416,1188643,49.882000964533006,1184806,81.11287962731141,1191480,101.25922600551526,1191455,133.24751480930922,1188748,95.5996559084867
1191395,1191480,85.52363078811247,1180889,87.56997965018476,1187705,64.52586079945544,1188889,74.94065449541014
1191392,1188850,120.32772010823538,1178195,113.86880298645568,1191383,149.65118800838337,1191412,91.6879137355707,1191461,66.08500227478092,1188328,61.04890942326945,1191432,69.63001280432152,1188910,64.04616008117809,1180637,55.9207059822168,1191325,117.69477216174013
1191396,1188390,61.88258669622093,1178905,116.5021330014181,1191339,55.98069034904736,1191448,144.01018508019973
1191397,1191329,92.19447612271932,1188548,113.72312186839326,1188260,147.9239968017401,1190837,154.20901045977703,1188858,127.04761705360873,1191338,105.28025508233449,1172072,51.877677509030065,1191480,60.41251828407188,1191145,55.35010549322569,1191337,92.09975482316183,1189244,82.84378505771991,1186589,89.56461330656155
1191402,1169185,108.38926620018877,1191428,66.7671400133121,1191464,112.18936921480913
1191407,1188858,99.50756430745848,1191098,54.63451016652887,1191480,56.518485297339524
1191405,1191062,87.90659333793688,1190436,99.26576191608866,1191480,188.29556921943146
1191442,1191474,64.95863660796694,1179857,52.24844343197058,1188634,95.4039723683963,1189928,50.34014266198556,1191480,55.33595216204286,1181791,60.46359907825437,1186460,50.42734828312541,1191165,76.68634578406312,1191469,49.44230483495547
1191440,1185410,88.12493214042976,1170561,64.88172724529242,1128240,148.2582218849839,1191475,96.83245327784427,1189834,100.15841026519603,1191240,82.27798523390065,1191480,73.667421721362,1178362,71.16541184226769,1168863,88.04346137674128,1189293,58.30132112608026
1191444,1161843,75.07071297849575,1191143,117.04518232579824,1191451,115.40226852093477,1191480,51.29253752593387,1191438,52.944574706445586
1191451,1191430,118.59021396443246,1191444,115.40226852093477,1187653,168.79734716583923,1183674,62.0935466672095,1188218,91.56007285526614,1188586,149.18281066180248,1191195,87.8649501413115,1191371,41.029000582309145,1191480,1.8040445273045328E8,1191385,88.05923136164847,1191438,77.05795125561525,1184893,54.982432548361196
1191448,1187842,60.1941704998632,1188390,130.5286483060691,1191239,75.47367455682647,1186247,131.0805103497602,1191396,144.01018508019973,1191228,145.10760676969446
1191454,1191408,108.68345528288701,1188705,64.80449544202075,1191461,71.8447331530069,1191323,141.94811421873402,1191326,139.1414994904844,1191278,92.8188637382888
1191455,1191188,146.47303036143927,1191387,223.10691240324195,1190879,150.77417810850181,1183107,66.82510108283495,1182404,51.40010803587432,1191428,67.8371468009329,1189452,104.28352242160229,1188748,75.78209095842328,1184909,55.09994434926422,1191475,40.350368677843434,1186807,66.4851591031161,1191477,79.86051763851881,1191416,133.24751480930922,1191480,61.57841134771953,1187619,192.49885537875707,1188643,121.11155011935921,1182560,99.95859683296854,1191460,76.5891253592664,1191467,187.5808014400389,1191150,49.14479987701583,1188207,56.12378058273845,1191341,152.1011526260716
1191426,1190710,53.949236137512315,1191479,100.62246630313345,1191466,83.85901302998872,1191480,96.24686519096726,1191225,50.9230283283232,1188878,60.963146339857275,1168780,106.36883668713051,1188397,124.68362227968652
1191425,1191360,149.3498738039143,1191461,70.61613713140179,1191466,94.92435510807474
1191430,1191329,80.56006483208483,1191457,50.38601923473027,1190775,136.23046277239357,1187653,57.403216567996644,1188586,57.05265302732649,1191419,116.44167891000313,1191451,118.59021396443246,1191480,53.344775736120475
1191431,1188850,72.98311525383043,1188560,82.32710237639391,1191414,53.00589030448826,1163892,68.46430372945876,1180629,87.14412574682771,1186683,62.203199831840564,1191419,61.99576531276056,1191353,83.62981189549079,1188892,74.64312291744143,1188668,86.95003473935881,1191069,73.94674590825848,1186109,57.83853212849296,1188896,56.3650337960193,1191457,103.66802582805663,1176839,103.64236534300251,1191466,50.07331057071039,1188910,55.02085883750202
1191428,1169185,53.51343193192971,1191475,60.03465326276111,1178754,76.15543787399925,1175986,79.87642061874475,1191460,44.45548560183603,1191402,66.7671400133121,1191464,59.99680894339471,1191150,91.91716016081011,1188207,55.81173412966909,1191455,67.8371468009329,1178655,99.9140092609871,1179502,77.96287951933628
1191429,1188128,171.14024795715147,1191479,169.68183079678292,1186938,145.29891706661212,1191480,166.0847947951875,1191471,168.98236176902506,1162319,53.90252336880125
1191432,1183154,76.04372814171796,1191392,69.63001280432152,1181268,58.48848918946471,1191412,55.81381119944922,1188328,72.45006149848106,1191480,68.3043905857907,1188911,76.71794868310185,1191325,74.30034469756073
1191438,1191444,52.944574706445586,1191451,77.05795125561525,1191480,61.75942131546376
1191439,1188816,99.19330573676345,1191472,135.6267550091569,1188852,85.8156496263893,1183717,111.17836929850111,1186779,75.58307911634873,1191480,87.7909356001476
1191436,1191147,85.47409739089103,1188860,106.08894059407496,1191468,51.237063420447186
1191437,1189778,65.78963477914705,1191412,28.070759514508406,1191419,45.0722228018412,1191480,76.31590695842598
1191474,1191442,64.95863660796694,1191408,124.54336677441697,1188599,71.19455715654345,1191386,105.317124866861,1161945,110.75111083415666,1190424,114.59175815319796,1172859,75.73016968133496,1191480,64.52337863964348,1191326,156.53444244571028,1191231,69.06529547588738,1187548,109.49249852309346,1191324,71.47444401880105,1191388,135.90230890905443,1191165,130.40317147946087,1191466,65.56152319840837,1191278,109.56873524891283,1188397,54.57260506839474
1191475,1188784,65.0285863540459,1191440,96.83245327784427,1191319,142.62628361971602,1188411,50.97622076440062,1191480,57.670024040845846,1191455,40.350368677843434,1191458,84.20392990452152,1191428,60.03465326276111,1191467,189.12260732034244,1191240,171.85167794347532,1191464,103.92435436532764,1188207,49.825273302255525,1191212,90.14265462113802,1188557,64.94162099028247,1184909,51.15236686541253
1191472,1179666,146.5473135477434,1191283,130.70571899416555,1186960,157.64878189203378,1188816,189.47934344937042,1183717,59.335624825736396,1191480,196.64039674357772,1191439,135.6267550091569,1186669,123.93498695789391
1191478,1171092,57.24428622140697,1190837,73.98371668249304,1146456,53.61717363483361,1191480,70.55379816392886,1187721,82.15023039757438,1191390,60.94331098589225,1188223,50.779576508654515
1191479,1187478,77.05466673173586,1177749,160.00230442145863,1191316,54.954589435314716,1173305,82.80040744207938,1191480,56.84528194490843,1187548,78.68130980670881,1191426,100.62246630313345,1184769,118.89703102352252,1188900,77.83974437949058,1191429,169.68183079678292,1188878,106.25155635750241,1191471,53.84319962884273,1188397,65.93428469469647
1191476,1188897,77.24741084868744,1188535,88.3504856092436,1188516,162.4906355950047,1191480,-18577.060786734095,1191305,144.06331846782214,1191294,131.24434613338536,1186894,208.15933997060387
1191477,1187619,137.64814581452168,1186807,92.45582043993628,1191387,164.19880728434316,1191480,68.58951127869925,1191455,79.86051763851881,1188748,81.0934029492438
1191480,1179666,76.63260689133845,1191442,55.33595216204286,1191440,73.667421721362,1190929,176.84290997230852,1191444,51.29253752593387,1191451,1.8040445273045328E8,1188889,78.7545138282788,1191455,61.57841134771953,1188892,65.94190446630927,1191426,96.24686519096726,1169408,76.31150337950339,1168899,77.02422620385244,1191430,53.344775736120475,1191429,166.0847947951875,1187848,189.52906214750743,1191432,68.3043905857907,1188873,140.03056249846068,1191438,61.75942131546376,1191439,87.7909356001476,1191437,76.31590695842598,1191474,64.52337863964348,1180211,157.27825677707682,1191475,57.670024040845846,1184816,109.9428367840336,1191472,196.64039674357772,1191478,70.55379816392886,1190455,121.09007664239843,1177140,97.68514943021877,1191479,56.84528194490843,1191476,-18577.060786734095,1191477,68.58951127869925,1178175,56.860926803989834,1188899,160.5733833934654,1163811,64.45714534552118,1148963,76.60229956130186,1176611,147.17331746659,1191457,65.5265016194306,1188390,70.63510122101374,1184806,167.9551234335142,1190951,70.21256902367834,1191463,69.17801558923662,1188900,82.33247749226469,1190436,95.16572703114065,1191460,62.702001855737436,1182245,152.62202989513003,1191466,54.14177737856827,1188904,166.39223454935606,1157162,211.21525279177794,1175597,75.53875096668854,1188911,71.22459010949012,1190959,144.18886493203354,1191471,60.43970930748465,1191468,54.69663762186346,1191469,64.89898921059778,1187420,159.57640928171725,1191005,55.49387602503553,1187908,92.30611269208907,1186379,162.43383381162124,1189449,128.45246219023366,1186894,74.73358284764548,1189452,72.96191379891012,1177200,114.21575952354986,1191027,65.75475794356265,1175152,67.4559490272029,1161843,88.3389980276931,1186938,63.40769567522997,1191034,52.509336655362354,1187938,139.89964887894962,1172072,52.70340757182591,1167979,78.93230532428065,1191017,55.640530060708564,1190509,137.64395246188985,1190546,65.06253750856794,1190035,63.070904538389186,1186960,76.79263187896183,1191062,106.73693023634686,1186460,59.596902602368154,1191042,53.788118190521146,1183374,86.73840031085702,1180850,113.66942934874209,1173682,70.84817105742006,1188535,122.10448567876243,1191098,67.83462495945118,1191096,54.91406733236457,1143969,127.47340620619691,1190048,60.992300462715725,1188512,96.44273758834017,1188516,60.73447127359562,1190058,133.1967788377364,1188010,68.56340651883106,1191080,123.45784282795549,1179857,72.62474801269751,1180889,54.486710762593496,1187548,81.07561233361812,1171141,110.24233708089648,1182404,53.540884727300856,1190600,53.823524501256806,1178362,108.27389736299855,1190140,55.80901152794719,1165055,56.336792254012096,1191165,92.30497044535944,1191143,107.28220321998043,1188580,63.1113921932532,1141479,74.20332238061427,1186021,125.10698651163935,1188586,69.67723250967776,1191145,51.910414899920895,1186576,200.85445455274632,1155862,128.6443660345786,1188634,106.16506985583472,1191195,55.1404862268932,1187608,112.41428624209918,1191193,98.36649189409157,1186589,77.81205409079918,1120514,202.34488503392194,1190667,-7.986870836745062E9,1187081,105.30942170695263,1191177,53.47778558037164,1190710,61.7509519226565,1191225,125.98116185059452,1171261,49.6638003176116,1191228,55.41340909716024,1186109,100.18087925237297,1188643,93.16777895472703,1187619,158.5998669227746,1188128,59.963012092939294,1181479,89.33837304842619,1152295,83.41206188789349,1174315,63.4545788759085,1188649,139.81100807070732,1185071,57.00594197512504,1191212,69.42617410142525,1184579,84.13115320129805,1185088,60.22948022325065,1191232,55.76711348641643,1186119,67.32651004861106,1187653,72.83469456065045,1178957,66.28039454661574,1153359,124.8746590974011,1191283,85.83806212174599,1180017,63.15035420660879,1190775,121.11649766398082,1188218,70.80393176373872,1191291,113.6912520696402,1187705,71.2471893764496,1191294,68.297289969013,1188223,91.17227102053674,1186658,77.13904241726237,1189219,65.74036053603523,1182560,75.21023441109092,1188193,68.41418226648578,1191270,68.61949022922721,1152360,57.39649758665343,1185135,51.38960032259735,1184621,96.03084686752818,1186669,92.13539089362408,1188759,120.8210457679636,1173402,58.13822137098622,1182617,145.08857786475662,1189276,57.78425271488772,1190788,105.98125877555069,1174921,53.39287304619005,1177482,55.44772097850938,1188238,62.52175056313363,1188750,65.60809360394747,1188748,76.1852814582466,1191309,136.40730469879898,1188787,91.0918316191898,1191347,118.54339773231962,1191344,66.52787550687859,1191345,123.86196466894634,1190837,128.577740787849,1183674,132.9483672672843,1179064,149.3781044512917,1185211,62.48373810504981,1190329,121.81041627753194,1191329,72.4394913918038,1159591,66.20705581290642,1188260,122.8657487916344,1191338,83.54184286502539,1191339,61.258832439983266,1174443,49.89390068880216,1191337,73.46492560159913,1188783,78.81247372238651,1126831,85.02380117087922,1188816,80.15095753551847,1186779,124.26465481409105,1191387,187.32745923186965,1191385,62.49959923532164,1191390,61.3489645861836,1191391,57.80211686785071,1168863,140.62376544816505,1190850,52.33688221762601,1191362,76.74416315881636,1190342,80.73033554088417,1186247,67.09024419480048,1189834,151.12387730654342,1191371,80.07602587890824,1191374,66.63976871959649,1191410,63.99489934320313,1191408,87.58886417033436,1191415,178.56900556338007,1188852,115.13107137073062,1191412,78.73542183386192,1188858,111.76512514732774,1180666,63.510762993775714,1191419,104.44157373940682,1191416,101.25922600551526,1190398,99.96102616033662,1191395,85.52363078811247,1190880,84.08743766373387,1191397,60.41251828407188,1191407,56.518485297339524,1161711,60.019638884650504,1191405,188.29556921943146
1191458,1191475,84.20392990452152
1191457,1191430,50.38601923473027,1191431,103.66802582805663,1191419,152.56980453852785,1191480,65.5265016194306,1188892,63.87878409663895
1191463,1188759,160.29533581635377,1179044,50.965739177265384,1188901,163.84997189351319,1190667,227.33609421294176,1179176,60.640485504848584,1191480,69.17801558923662,1186569,133.94471239277377,1188718,167.4372324030786,1178316,32.25670809237148
1191460,1188643,71.43601813565722,1191345,101.53247478241796,1175986,86.37473437275442,1190628,59.8145419851482,1191428,44.45548560183603,1191480,62.702001855737436,1191150,101.46867294789186,1191455,76.5891253592664,1187404,55.273140617140655,1152238,55.037710862303655,1179502,68.76903574655867
1191461,1191408,57.62863713751732,1190161,52.06889252270846,1191285,87.56584733755447,1191323,77.8321452072518,1191099,97.80417883322275,1191353,73.35337402778433,1191454,71.8447331530069,1191325,64.19865991720215,1190973,99.0205346264404,1191360,87.20805534282445,1191392,66.08500227478092,1191425,70.61613713140179,1188705,53.34968717998346,1184522,60.059322933500574,1191466,44.06682884910056,1189515,67.92838026554246,1191083,46.18822621694072,1189576,55.675464787939575,1191304,57.12253254236556,1180009,49.11376883956377,1188910,53.24494046723342
1191466,1191474,65.56152319840837,1186832,39.67187510728403,1177779,56.299354230840166,1191408,72.0811951363883,1191414,84.77809638665738,1180629,120.77753818515386,1191386,54.96782577237377,1190424,60.75112260724599,1191480,54.14177737856827,1191257,67.8293531670609,1191353,50.82269575924567,1191231,34.374699962873514,1186109,85.91424151565498,1191426,83.85901302998872,1168899,78.48499540774462,1191360,64.93957485436063,1188896,63.78580236217427,1191425,94.92435510807474,1191431,50.07331057071039,1191461,44.06682884910056,1189230,68.71291171796362,1188397,68.3370104193791
1191467,1183107,145.4021257703921,1191475,189.12260732034244,1191455,187.5808014400389,1184909,157.85562191963197,1188557,137.95849433016184
1191464,1191475,103.92435436532764,1188784,94.5897051223584,1173797,114.16786396916775,1191319,51.17206915637796,1191428,59.99680894339471,1191402,112.18936921480913,1188411,114.73766722416745,1188207,86.66321562304314,1185869,117.34974228513138
1191471,1191027,68.66361310989431,1188128,54.87915341800042,1191479,53.84319962884273,1191429,168.98236176902506,1186938,61.69703646575274,1188218,70.71425102051586,1188904,169.53055655651917,1191480,60.43970930748465,1190398,103.21482477983301,1162319,122.59419878198877
1191468,1191355,53.311415100781154,1191480,54.69663762186346,1191193,97.50159562293858,1188766,113.80208414023878,1181406,102.1330815092453,1181375,96.4739081803757,1188860,85.98005719372418,1187938,141.4173192865428,1163330,54.61879257288457,1190342,76.57248368779038,1188516,50.06118872106252,1190667,180.324233451641,1191147,60.80608502510149,1186379,165.37220285785745,1190345,119.17181573890007,1188750,58.01941849867018,1191436,51.237063420447186
1191469,1191442,49.44230483495547,1168753,133.53851739398186,1191334,51.60354376990279,1191034,51.043724050450535,1189928,64.97787541926407,1191480,64.89898921059778,1181791,67.78860744301456,1191324,52.91060729027053,1191388,77.03134968094676,1190924,62.363247201690065,1191165,71.96078997483447
