1110471,1188894,51.302494198084986
1120514,1180211,53.28455963418538,1187420,53.15222666912943,1191274,212.12094990269847
1126831,1191271,47.115611240083695,1187653,16.50013515708253
1128240,1191250,157.09765741274927,1191132,141.4199574378472
1131647,1188390,52.639185691549635
1134027,1191209,47.673842447645924
1137168,1190971,103.4975115980155,1191196,145.824512226255,1191209,40.051027198559325
1141479,1191274,64.45456240489537
1143252,1187698,131.81795698078633,1188858,106.6979257664118,1181282,80.78623426987909
1143687,1191198,40.76643725315737
1143689,1188390,60.495372649058346
1143969,1191251,43.79477392449879
1144495,1191258,46.299287331500025
1146456,1191013,52.682701742798706
1146474,1184482,42.03230024910867,1191212,90.22185399101495
1147468,1188784,88.7108218055494,1191254,209.559244286539
1147661,1190516,39.430867054072344,1191259,52.32926308197716
1148963,1191274,66.86072231533396
1149171,1188397,57.72467116206869
1152238,1187367,60.76786517520952,1191063,51.82637796680563
1152295,1191274,89.4548743851743
1152360,1186960,49.31189786831457,1180017,62.43203898142264,1191274,55.9908751670347
1153359,1191251,40.522301620523486
1153548,1188882,61.53494764209795,1191280,60.46858384149361,1183674,100.287552034738,1191274,57.539160244298515,1188686,43.411806672126836
1154264,1191201,81.16262273287393,1184125,54.65902838978746
1155186,1188887,49.87531539897388
1155530,1190402,46.19231875682627
1155862,1188787,55.72301236150841,1191251,44.20615891333963
1157162,1188899,65.02005274053103,1191274,220.9330225918508
1159591,1191268,50.91948100537954
1160085,1187926,45.42876410604199
1161105,1190897,41.72493681234635
1161711,1188852,87.33573772032803,1191274,59.06884882562809
1161843,1180178,100.77870712788395,1191274,78.641855500236,1191196,73.63576151093294
1161945,1191267,84.45080334430477,1191231,50.714528717505594
1162319,1188887,119.95738916615899,1190897,56.709918082384036,1186938,100.47198874591196
1163254,1191264,42.102533179711585
1163330,1188794,82.79817277688923,1191242,55.39453050830671
1163403,1191259,47.63333739122686
1163811,1187938,104.74448933066289,1191274,64.75818390174108,1188750,75.55051444852297
1163892,1191258,67.46736387104214,1188668,66.65853031837793
1164043,1188706,47.79183388915055,1188836,77.98269807811464
1164567,1188735,47.83929524796048,1190879,149.97565477577652,1191265,40.77582949755063,1191149,227.8302258223295
1164571,1191250,41.29165800766894,1191249,89.09905942189539,1191274,65.7817507013695
1164638,1190971,46.249769465228304,1191209,50.43868620490765
1165055,1191274,53.38022872229296,1188649,117.79586892879742
1165058,1190628,79.61040383409247,1191279,41.86807463076529
1165110,1191027,85.4157704704763,1188887,46.68994500275571
1165096,1188897,61.59535117076118,1188516,145.4737813106162,1191274,164.13508321052637,1188360,124.1374506919679,1188777,39.704244451927465
1166335,1188852,78.04831031946357,1186779,66.6452082173848,1183717,112.64155394076427,1188332,46.294183486068874
1166474,1185207,182.103543915216,1187266,76.22821983125904,1188641,116.49381577163378
1166784,1191265,71.84217148145017,1187367,42.628632959045675
1167356,1188177,72.40262705419728,1191230,40.83523774489178,1188161,43.582482307443485
1167738,1186417,117.62496734213683,1190200,39.92130535906289,1188777,42.9954633267772,1186894,194.7508811661944
1167717,1188674,55.29421060601701,1188887,49.39141461142519
1167810,1191230,92.22680710899814,1191276,90.80937918573169
1167979,1191274,83.78448331167482
1168753,1188888,134.33055327305047,1181791,137.70180943288193
1168780,1191012,105.4045716964023,1191225,73.79666163982873
1168863,1191250,99.38112006033067,1191132,79.42527467170015,1191274,149.92434882077129
1168899,1191271,60.13745181536392,1191194,76.06549072028366
1169028,1191264,40.57466419428544
1169185,1188575,55.3914638886916,1183873,114.64532566165884,1191047,59.401265173652256
1169408,1178362,61.44584799779564,1191274,80.94558499765151
1169459,1191225,60.186780038871966,1191012,45.74406777708668,1188878,53.616818372307534
1169870,1188512,91.19482664563458,1191274,41.864544289878815
1170041,1191160,45.32317626504663,1191274,170.8087206242941,1188873,59.495959348969954
1170111,1191249,101.6864746170715,1187436,46.52003204126301
1170561,1191250,56.65912417816637,1191132,71.27117567582975
1170616,1190705,46.36707441493433,1187436,50.859626333329345
1170711,1188420,94.17044635302184
1171062,1186852,41.836502740675314,1191274,77.41627489653287
1171092,1191013,57.976274473666294,1187721,115.5141187880662
1171108,1191259,45.236457078936944,1190973,121.73088379486504,1191204,67.22989671689236,1191083,59.11947425196754,1191113,82.96278424213546
1171141,1191274,119.09745284614812
1171261,1190436,101.46314394233409,1191274,42.770086085190584
1171329,1191265,59.59687508092864,1191274,46.24006124844693,1188440,49.036007686981314,1188748,69.31246748497236
1172072,1177200,111.18123072126099,1186589,66.78877466222676,1191271,47.36792203720631,1188558,53.036375813055514
1172409,1191274,175.86593107351837,1190988,44.56450937712342
1172707,1191063,39.93410330228311,1187096,53.38297856145437,1188643,92.89228327586095,1191265,47.593344706553104
1172859,1191267,56.01572373779775,1185872,44.155511032074145,1188599,53.57683655439861,1190903,73.51855092760782
1173101,1179666,44.333950720144145,1188816,93.67613455292147,1185211,80.63891674330561,1186652,39.21926063562087,1191274,82.72845469321697
1173172,1180211,81.12189048366062,1187420,81.7734731266222
1173305,1184918,90.87117343002977,1191269,68.29871033336696,1188296,57.83912648704907,1188397,105.55798479987455
1173402,1191270,51.20965387388049,1191274,52.51809645547037
1173682,1188759,84.67435257690363,1191274,73.16983611798591,1190667,123.11340557818157
1173797,1191186,106.88917439042085,1191254,75.10113564051478
1173937,1181375,91.67605038917776,1188516,43.70704680724285,1187978,39.75225402717438,1191274,42.46124428244319
1174203,1188897,101.66547875766196,1188360,40.67464668911209,1188860,72.54378589333278
1174216,1188888,48.442680345650224,1181791,67.36389772939631,1189928,73.68687636321796
1174315,1188852,91.0076936293388,1191274,62.10542222323938
1174443,1188852,109.80503856294087,1186021,122.50092936183955,1191274,43.791138979601136
1174628,1186417,39.78737045730542,1191274,84.02297769761167,1188777,75.84905163800612
1174634,1188804,83.39844198477465,1188794,42.19757611410054
1174844,1188696,44.61202594215978,1191204,41.56260635095205
1174825,1188440,134.960086680845,1187619,42.465578252147886,1191274,176.2015654629936,1191149,41.14611572734104
1174921,1190929,165.40706157214208,1176611,131.54872272174103,1191274,49.4919068055117
1175152,1186960,49.32528295282148,1180017,74.3898555291808,1188852,86.77065417153347,1186779,82.62940520728094,1191274,67.7635277003021
1175196,1188850,58.50075895351651,1188560,112.64521034812128,1191202,45.39766581799086,1191276,51.004166679101175
1175597,1188852,82.54220133201473,1186021,76.91417124122661,1191274,77.7572531231105
1175714,1191265,40.72811649350044
1175986,1188575,80.480286734699,1178655,143.26947423451344,1188776,87.52864591625747,1191150,58.27665044068912
1176367,1183764,55.364668534154774,1191096,138.83636855758158,1188873,66.09250167453214
1176611,1190929,57.38418281056673,1174921,131.54872272174103,1188852,85.70967183060564,1191274,154.67496465243983
1176681,1191242,44.981784845367144,1188750,55.183350748152705
1176839,1187968,52.21748198888144,1191258,102.77522902420631,1185752,53.75216828013631,1188617,50.55640615316212
1177140,1191251,103.68948936555311,1187705,63.12742907833367
1177173,1191194,42.095762941924285,1191260,47.86363783775884,1188896,71.0992529553614,1191015,101.15225889960875
1177200,1186589,62.01356143935437,1191271,149.23052841015453,1172072,111.18123072126099,1191213,64.18724587256717
1177290,1191211,40.88102255341518
1177482,1191274,50.77358737952601
1177615,1188558,47.59987547400555
1177749,1184918,167.69188734705193,1180165,143.1375337077247,1191269,148.23376400246715,1188878,94.38417344462546
1177779,1191194,57.4858411519924,1188613,68.22182401685593
1177888,1183107,127.03876159636263,1191264,163.83235931144935,1191265,169.69196108241988,1191236,42.94202283934576,1184909,139.65028930611354,1188557,120.67367052950627
1177932,1187347,45.1765751504275,1185894,43.0871889083805,1191242,63.87665340709242,1191147,112.24251314691274
1178175,1191274,48.47539768083309
1178195,1188850,58.78835083560798,1191091,117.7673033527504,1191230,46.57107490441155,1190689,59.62859806293203,1188910,92.38833201066856,1187789,58.84273235532349
1178316,1188645,44.941896048654684,1191221,29.75028570795314
1178362,1191132,65.56759501444064,1169408,61.44584799779564,1189834,69.44564436975915,1191274,113.2531939927103
1178454,1191251,97.65619535734557,1182260,39.589772604854346,1187705,49.687827713148494
1178574,1190110,87.21505157229777,1191211,54.88213448253998,1188783,61.7200086354973
1178655,1175986,143.26947423451344,1188575,99.928462835883
1178688,1188837,40.74809313606669,1191274,144.72508556480008,1186379,60.6037447381678
1178754,1191047,66.21414556102269,1188207,53.67632050358214,1188575,76.9496804820591
1178864,1182483,45.09867973389358,1187548,78.28842014226568,1191274,53.47498621365052,1191243,43.911401722079816
1178905,1183633,108.96687523560708,1188390,107.66094304919044,1191244,123.71259517387521
1178957,1188852,87.7473911221734,1191274,66.0807644462358
1178995,1191186,49.51703146424062,1191249,77.2669604399097,1190955,109.20776344522938,1188137,45.445969556900266
1179064,1188759,80.96161190299637,1191274,157.41002599485253,1190667,58.40506316838697
1179044,1191221,55.173029309549555
1179176,1188901,217.78547069424448,1191221,65.7420218960907
1179370,1186513,48.38048864004525,1191194,50.457391978864734,1191257,83.66405638188074,1191182,55.85683707362619,1188397,81.201955700135
1179487,1191271,41.13572331564175,1191211,73.92889559592608
1179468,1190898,42.22333335216987,1191194,68.83552519893865,1191259,89.58580463407515,1190691,42.208456903278744,1191083,106.60419831426042,1191113,130.50699474271013
1179512,1187266,92.36546691755224,1188641,52.735555429221094
1179502,1188776,66.51529884135712,1188575,77.67342717392543
1179587,1188668,87.28444926866472,1191276,79.25436938096631
1179623,1188866,42.43593176569319,1191270,56.50466306602652,1191274,51.61149615345266
1179666,1188816,93.81770979741542,1190736,148.0802072910758,1185211,80.10529935878142,1188894,134.80666459290694,1186652,53.41799907659569,1191274,77.62810259443646,1173101,44.333950720144145,1186669,56.2081917999056
1179807,1183873,44.46785496849546,1188575,72.37730413851172
1179857,1191074,47.91620443699361,1191274,71.97839489099093
1179880,1188901,142.3973153206126,1188155,109.26078544030958
1179936,1191095,41.51076843186093,1188548,44.37530482469911,1190837,46.58075942848526
1180017,1175152,74.3898555291808,1186960,83.39482253988393,1191274,56.6301307849411,1152360,62.43203898142264
1180009,1189515,24.437821511431387,1191099,53.71403401193162,1191259,45.97110784932778,1188910,71.93535433237663
1180119,1191186,82.41337175722207,1188503,41.22585004860227,1191236,169.56782154101404,1191265,53.67303022899617,1188207,48.19146652001688
1180178,1161843,100.77870712788395,1190971,53.623459522606666,1191196,46.901836257593985,1191274,57.215937209186144,1191209,95.87411407455754
1180165,1177749,143.1375337077247,1184918,47.620834206264114,1191012,86.15451615954498,1188878,89.16847578705291,1188397,72.47101377521447
1180211,1173172,81.12189048366062,1187420,52.3956992365226,1120514,53.28455963418538,1191274,166.02323962005147,1187848,58.057701145986215
1180436,1188634,98.69032863236725,1186460,52.69192409867207,1191074,43.90091635467683,1191274,56.10693575061638
1180417,1188706,44.773728701024396,1188836,72.88796666228427
1180458,1185715,64.93817049518054,1191104,75.5808490853195,1191071,63.62128509911714
1180629,1191194,124.12915441038227,1191258,88.12515072418798,1188613,57.825586376097306,1186683,58.743438451385096,1188093,59.62878064300657
1180637,1191091,53.81583054947842,1188177,58.74371538612476,1188910,87.10294582208283,1191230,153.73584959572688
1180666,1191274,57.94162008776445,1188873,142.14818091568688
1180850,1191274,119.35812747380376
1180889,1188402,84.30538128681377,1191251,102.7204318262307,1188889,69.85808651084564,1191233,88.16885451773828
1181003,1191243,101.27183859306268,1191182,43.534576173318214
1181149,1188420,93.8469136963609,1188713,151.68732446752892,1191273,135.28123053177552
1181132,1190978,39.87428613249283,1188705,79.74190941695186
1181268,1188161,59.75399697696056,1188911,62.04721786417225
1181282,1187698,89.9189678748678,1143252,80.78623426987909,1188858,81.39894624808376,1188558,97.36639662683126,1191213,41.19770566771637
1181337,1188911,61.31433247858623
1181375,1173937,91.67605038917776,1188860,76.77949260776647,1188516,86.91321923330113,1191172,98.65966717724038,1187978,110.51463104607484
1181406,1187978,116.37327268882584,1191242,101.03571299454295,1191144,70.24749508251843,1188860,75.47706135581316
1181479,1191232,100.97480490580749,1191274,94.68551356797757
1181791,1168753,137.70180943288193,1188888,67.81697873967326,1188703,65.94082587951146,1174216,67.36389772939631,1189928,65.17991513306937
1182258,1185394,72.23496253109536,1191095,112.02890120470248,1182260,84.75696626832323,1187989,83.26771653253094,1188858,147.39491682675921
1182260,1182258,84.75696626832323,1185394,46.30356457173575,1191251,74.9926240197742,1178454,39.589772604854346,1187989,43.011141147053536,1187705,42.56438594840205,1184579,69.7378833728152
1182246,1185715,66.7599364891929,1191104,79.28110491033766,1191071,65.09176245463291
1182245,1191251,70.49168590879806
1182288,1190898,47.020074171398015,1190878,145.30448883796313
1182404,1182560,69.86608569898726,1190992,42.97475520735541,1191274,46.7803556059539
1182483,1178864,45.09867973389358,1187548,74.7794289202266,1191243,43.260405831754575,1188397,65.99186000171082
1182560,1190992,96.75505250276126,1182404,69.86608569898726,1191274,77.6563808734175
1182617,1191274,153.64034254989437,1191160,55.147741627740615,1188873,62.393655946287474
1182908,1188352,69.71257333025483,1191207,76.36591953463738
1183134,1191265,164.70135636200288,1191236,49.39607454650998
1183107,1177888,127.03876159636263,1191264,68.6362037190886,1191265,66.171520127431,1184909,63.061862354811545
1183154,1188161,76.62201855514073,1188911,64.30716741361691,1190588,156.91043702592836
1183374,1191274,91.29118317446695,1188649,71.15794895481
1183633,1188390,65.71849270504065,1190295,132.975682411784,1178905,108.96687523560708,1191244,44.181756434410765
1183674,1188882,147.31301970641346,1188218,109.62720780717692,1190649,46.74404701575951,1191209,62.30263300107986,1188686,112.72862007356152,1153548,100.287552034738
1183717,1186960,132.4781967339906,1188816,166.8060905271481,1190736,48.639537876112186,1188852,99.57221717112672,1188894,59.276017143609955,1166335,112.64155394076427,1188332,110.87330377463158
1183764,1191096,100.7527760259258,1191232,99.84809424730354,1188873,96.9724517152617,1176367,55.364668534154774
1183806,1191230,57.01706111739342,1191276,57.834822847216245
1183839,1185715,72.00565629683871,1190785,66.16035862494074,1185207,84.86009906609361,1191071,63.90295481723556
1183860,1190373,47.913622936644224,1191237,124.07936083556967,1191258,83.93864749114384,1188892,65.33955602673447,1190877,151.0497693155435
1183840,1186247,122.12070749812618,1191239,78.65903418276946,1188654,50.46449822857737,1191228,136.0896872680291
1183873,1169185,114.64532566165884,1190560,46.42802482155571,1191047,72.38271260074086,1179807,44.46785496849546,1188575,81.85580070355007
1184004,1191251,99.14952983176482,1188858,110.28891317388279,1191214,44.70257028490864
1184125,1154264,54.65902838978746,1191104,78.27140339731066,1190785,49.4607944233645,1191201,63.51266808897181
1184482,1191274,118.84146034159878,1146474,42.03230024910867,1191212,68.26082429001556
1184522,1190982,72.84195503981968,1188910,62.37751636713238
1184579,1185394,76.74043838398516,1191251,52.128733506728224,1182260,69.7378833728152,1187989,71.97316472825084,1188858,85.41847000876737,1191098,56.16541543140909
1184621,1191271,122.85248232502221,1191237,43.04128792571361,1190877,56.37496189779071
1184667,1190667,171.2248069377823,1191147,50.802606417963204,1188766,104.94023388588488
1184769,1189818,122.0179337101051,1188674,114.21244068001397,1188900,77.66496224688314
1184816,1191251,48.01703363009993,1186576,101.99504045326746,1188643,54.5863629270051,1191274,116.90394347431082
1184806,1188643,95.77344679681157,1186576,49.266066091044024,1191274,177.08553966876414,1191263,75.16476606529127
1184893,1191209,54.93331635731194
1184918,1177749,167.69188734705193,1180165,47.620834206264114,1191269,44.955267447776336,1173305,90.87117343002977,1188296,63.90005167295881,1188878,113.32769379496824,1188397,61.34120255486811
1184909,1191249,50.58907865378374,1177888,139.65028930611354,1183107,63.061862354811545,1191264,59.612287123807356,1191265,53.708505566339234,1188557,61.37845557836353
1185071,1188706,60.26561468186704,1187908,85.04405900593055,1191274,51.70372763815517
1185088,1191274,53.554118129109035
1185135,1191274,42.01320814075674
1185207,1187262,90.81980816595906,1183839,84.86009906609361,1191071,64.60965490031059,1187266,134.282202196657,1188641,101.29906679882762,1190785,63.025275257371504,1191201,75.23963486614505,1166474,182.103543915216
1185211,1179666,80.10529935878142,1191274,57.74303680821833,1173101,80.63891674330561
1185352,1191249,43.15237309629535,1191240,143.55878654407223
1185394,1182258,72.23496253109536,1191095,65.06947419602537,1182260,46.30356457173575,1188858,100.58262830524602,1184579,76.74043838398516
1185437,1188888,51.771607325571,1188703,50.518464183295784,1191074,39.12392205872824,1191274,53.92488100425879
1185410,1191250,98.85939280853745,1191132,79.99311375569506
1185525,1188784,64.24480885254079,1191254,153.64828457970333,1191130,243.05294848978463,1188411,42.68755943751724
1185715,1191104,105.58290619580329,1182246,66.7599364891929,1180458,64.93817049518054,1183839,72.00565629683871,1191071,42.09686278209583
1185701,1188560,74.25999590635496,1188668,75.40990830508953
1185752,1176839,53.75216828013631,1191258,64.65168598777038,1188617,42.41381122741123,1188910,57.17119123173424
1185791,1191209,106.62611571377796,1190812,40.780975897231826
1185872,1191267,80.66824121264965,1188599,65.1161420963689,1190903,43.69918470649469,1172859,44.155511032074145
1185869,1191186,110.12804112499865,1191277,141.80387836426388
1185894,1187347,46.42170024438537,1191242,47.03059767337168,1191147,82.3413962364909,1177932,43.0871889083805
1185953,1188860,87.66463342484484,1190667,76.11403651287155,1191147,77.82765061630226
1186021,1190929,79.95060539870398,1188852,82.86796568501317,1191274,131.58495871256264,1174443,122.50092936183955,1175597,76.91417124122661
1186109,1191271,131.4751220304421,1191194,88.78298585278681,1191258,58.58118802239846,1188892,101.25803300802309
1186119,1191271,51.82180465310448,1191276,119.01893213681394,1190877,144.2752996433067
1186209,1191209,44.19598323169385
1186247,1183840,122.12070749812618,1191274,63.091240836411494,1191228,54.68802383217299
1186379,1191193,84.82300407836205,1178688,60.6037447381678,1188835,153.80266137433185,1188837,66.86198187427493,1191242,164.56830376768949,1191274,170.82051094914206
1186417,1167738,117.62496734213683,1174628,39.78737045730542,1191274,66.1981948441439,1188777,102.80105071533463,1186894,99.90392832812239
1186428,1188352,102.87353625997878,1190880,74.66890558920049,1188390,130.40887738404513,1191207,112.9361516940643
1186460,1180436,52.69192409867207,1188634,103.80786615938014,1191274,54.39306939683192,1187608,110.67682673987719
1186513,1179370,48.38048864004525,1191257,59.173068490410785,1191182,56.47774645098478,1188397,62.438714220376546
1186576,1188643,124.60546788612142,1184816,101.99504045326746,1184806,49.266066091044024,1191274,210.5266754777558
1186589,1177200,62.01356143935437,1191271,94.358403323025,1172072,66.78877466222676,1188558,87.54583202560029,1191213,56.98305773747697
1186569,1190995,133.48546564142015,1191221,131.84391736443018,1189444,149.16618859918808,1188645,133.3701212295421,1188901,122.41142478557425,1190667,132.6312787115893
1186594,1187698,82.30966576536365,1190708,63.00330080724903,1188858,98.8459344767076
1186652,1179666,53.41799907659569,1188816,100.94838066714924,1190736,130.20167667590013,1191274,91.7727595943574,1173101,39.21926063562087
1186683,1191255,46.04221079811514,1180629,58.743438451385096,1188613,62.463271764511845,1191258,62.53799396059487
1186687,1188674,61.997298320493925,1190867,40.94038484532793,1191274,53.385699150578795
1186658,1191274,71.09623763739408
1186669,1179666,56.2081917999056,1191274,96.52375340098605,1188894,113.06893869514982
1186779,1175152,82.62940520728094,1186960,89.41490095085511,1190929,81.89596749351048,1188852,81.28956757835302,1191274,131.1458407786095,1166335,66.6452082173848
1186807,1191265,66.3768579003851,1188440,99.64720882798659,1191149,216.206992644345
1186832,1188896,63.55621758346679,1188613,89.96121590058027,1191194,38.54189899801449
1186852,1171062,41.836502740675314,1191274,64.3085426663808
1186894,1186417,99.90392832812239,1188535,154.882801635415,1191274,67.37832688419783,1190200,208.91728636319033,1167738,194.7508811661944
1186938,1188128,61.158116052505726,1190897,147.64907409268403,1190262,118.55567855575005,1188887,61.31966646457567,1191274,60.23476438812475,1162319,100.47198874591196
1186960,1175152,49.32528295282148,1180017,83.39482253988393,1188852,93.560380211036,1183717,132.4781967339906,1191274,77.2715600779816,1186779,89.41490095085511,1152360,49.31189786831457,1188894,145.20871637993815
1186965,1191195,49.068856764892374,1191209,46.6184796555432
1187096,1191251,63.24552667983976,1191063,42.99759891978739,1188643,64.30067418544888,1172707,53.38297856145437,1191265,86.45483203975033
1187081,1191274,112.28129672277453
1187262,1188641,70.14187289949258,1191201,55.65961605298468,1185207,90.81980816595906
1187266,1188641,89.68254150549599,1190785,153.50650290718542,1185207,134.282202196657,1179512,92.36546691755224,1166474,76.22821983125904
1187347,1185894,46.42170024438537,1191242,50.41195152275104,1191147,82.16289644580156,1177932,45.1765751504275,1188860,103.23880546685864
1187339,1188390,137.87904541564578,1191239,63.34872101279907,1191228,154.79497875908655
1187367,1191063,42.438209719989274,1166784,42.628632959045675,1191265,76.68450917229768,1188776,55.63892343921352,1191150,96.89928276085143,1187404,60.55621437486788,1152238,60.76786517520952
1187420,1180211,52.3956992365226,1120514,53.15222666912943,1173172,81.7734731266222,1191274,168.38168878169478,1187848,58.260777514876295
1187404,1187367,60.55621437486788,1191063,50.33682552443575,1188776,59.61015197224779
1187436,1190705,45.53304987736727,1191249,83.68725787836408,1170616,50.859626333329345,1170111,46.52003204126301
1187478,1188674,78.38441567089143,1188900,59.6660487479845,1191269,61.45422024645477,1191225,73.02880982351985,1188878,64.89623634907721
1187548,1188674,79.61672125339632,1178864,78.28842014226568,1182483,74.7794289202266,1191269,65.61351957747428,1191274,83.3564449371532,1188397,101.523166052793
1187608,1188634,67.07524128707033,1191274,119.16384341824755,1186460,110.67682673987719
1187619,1190992,194.25898380361602,1188440,131.4808767072198,1191262,51.065811516753854,1191264,187.32784735102248,1174825,42.465578252147886,1191274,167.23404249942257,1191149,51.22438660421811
1187653,1191271,36.433238254115636,1191209,168.66074313363234,1126831,16.50013515708253,1190812,46.61750802836865
1187698,1143252,131.81795698078633,1191095,93.29775326594314,1190708,101.78658391539403,1188858,93.72327098755893,1181282,89.9189678748678,1186594,82.30966576536365
1187705,1191251,80.343953835955,1177140,63.12742907833367,1182260,42.56438594840205,1178454,49.687827713148494,1187989,54.3806675969946,1188889,71.92935446514552,1191161,69.23167004936074,1191233,63.51277386746769
1187721,1171092,115.5141187880662,1189399,111.04080270823682,1191013,81.54174459876354
1187789,1188850,60.37570076851011,1178195,58.84273235532349,1190689,50.166123154616244,1189403,43.18927428922736,1191230,54.895909196697914,1191276,56.713119580092226
1187842,1188390,160.83928101966976,1190295,54.0257025987001,1188654,61.691590738450024
1187848,1180211,58.057701145986215,1191274,198.8462819573449,1187420,58.260777514876295
1187926,1160085,45.42876410604199,1190554,137.86044337704564,1190172,50.60580934827307,1190972,128.1517066361293,1190338,103.79678147861628,1190978,48.19444186245326,1191204,101.01332980729028,1191278,90.39117835267983
1187908,1188706,58.23044881358593,1191274,96.49205563680327,1190043,74.0824297965065,1185071,85.04405900593055
1187938,1188759,82.77339100262265,1163811,104.74448933066289,1191242,140.46492507238642,1191274,146.87340678981334,1190667,61.04859321650503,1188750,153.23904131842957
1187989,1182258,83.26771653253094,1184579,71.97316472825084,1191251,77.74532033684598,1191095,59.54658776789336,1182260,43.011141147053536,1187705,54.3806675969946,1191161,70.99528755622623
1187968,1176839,52.21748198888144,1191258,82.69256077327888,1191259,75.50493687253342,1188617,42.14497414620482,1191260,47.5631178115911
1187978,1173937,39.75225402717438,1188835,49.50067109480651,1191242,43.316542073392704,1191274,48.97581991710079,1191144,58.91999137977113,1181406,116.37327268882584,1181375,110.51463104607484,1188860,96.14671900073976
1188010,1191274,65.77924147289072
1188036,1188897,70.94327364563016,1190806,118.82699695732308,1191172,121.52498375892345,1190667,78.62873270077262,1188360,93.56437783598173,1188860,89.49419736929909
1188043,1191194,47.70498759580521,1191243,44.34395539762796
1188093,1180629,59.62878064300657,1191194,69.51129473514796,1191258,44.2122652845796
1188079,1191267,58.3474824101899,1188599,59.29409063732544,1190903,81.81657106442688,1188888,55.37340480453319,1191052,41.084880919429075,1191165,73.6199174370329
1188123,1190799,53.35985191057867,1191229,79.89734505287907
1188097,1188696,57.43446211547398,1190972,41.09337508917948,1191267,130.13439202699104,1191204,50.66711089106903,1191278,64.39849178130255
1188103,1191278,59.570704229891334,1191229,41.41934673894596
1188155,1188901,97.53338263639792,1190667,118.87838824486873,1179880,109.26078544030958
1188128,1190897,173.54847767077845,1190262,143.79535998348044,1188887,55.59245460391419,1186938,61.158116052505726,1191274,54.28898926281832
1188137,1191186,41.61892620971162,1178995,45.445969556900266,1191249,92.90666038880364,1190955,126.09103799964375
1188177,1191091,43.919848013058825,1188161,67.78405314435894,1191205,110.46485684368166,1188328,60.544034289432496,1191230,106.10649726917975,1167356,72.40262705419728,1180637,58.74371538612476
1188161,1188177,67.78405314435894,1181268,59.75399697696056,1190720,46.212572005350104,1183154,76.62201855514073,1190331,46.08397503618053,1191230,70.61390806077665,1167356,43.582482307443485,1190588,102.1071891075102,1191205,73.95676476550767,1191210,61.40938310934725,1188328,73.27263614118175,1188911,77.40978862865842
1188218,1188882,68.4398935620483,1188887,70.21027241695884,1183674,109.62720780717692,1190649,117.23433007921967,1190717,53.90464136170549,1191271,76.65460831558507,1188900,70.56949097305107,1191274,68.84807905069962,1191209,91.67314460177955
1188223,1191251,47.75416312248791,1190455,57.64289906138563,1191268,47.436385712329646,1191013,50.90326849695987,1191161,48.56657662431432
1188193,1191274,63.47941110377574,1190959,150.49709982225806
1188207,1191186,91.72345601547785,1180119,48.19146652001688,1188575,60.16352415333873,1178754,53.67632050358214,1191265,55.81499962972599,1191047,49.39364459172038,1191277,68.32818727076517
1188238,1188759,117.11007422245817,1191274,58.23908953173392
1188260,1188548,54.631398425974666,1191268,39.83755790803587,1190837,29.181937176644443,1188558,143.9352199074859,1189244,74.42783728862435
1188296,1184918,63.90005167295881,1191269,43.18366584078026,1173305,57.83912648704907,1188397,80.55968424251755
1188321,1191264,198.73961132927556,1191140,66.2809829193318,1191188,66.39175568022387,1191149,43.750421570888626
1188328,1188177,60.544034289432496,1188161,73.27263614118175,1191205,103.33480290494425
1188332,1188816,100.91824595127592,1190736,135.4740061342506,1188852,87.43509488729273,1183717,110.87330377463158,1191274,93.17742038012166,1166335,46.294183486068874
1188352,1190880,48.074048652627326,1191207,41.59608115545157,1191274,68.7307002417485,1182908,69.71257333025483,1186428,102.87353625997878
1188360,1188897,91.43801335224575,1188036,93.56437783598173,1188516,55.77597477632966,1191172,57.341454324212584,1165096,124.1374506919679,1174203,40.67464668911209,1188777,109.21952291164234,1188860,74.18451770208924
1188402,1191251,40.70387285420765,1191233,44.05441684542012,1180889,84.30538128681377
1188411,1191186,120.08368063847888,1188784,76.20639771150199,1191249,50.265336717280476,1191254,148.11051780378145,1185525,42.68755943751724,1191130,229.4717185795424
1188390,1183633,65.71849270504065,1190295,126.17638028489628,1178905,107.66094304919044,1187842,160.83928101966976,1191239,186.37238129165848,1143689,60.495372649058346,1187339,137.87904541564578,1191244,58.212021463643445,1131647,52.639185691549635,1186428,130.40887738404513,1190140,63.27099488206611,1191228,61.83841480259818,1190880,84.26935022259588,1191207,66.7863993784731,1191274,67.08795914517087,1188654,132.97496826432447
1188397,1182483,65.99186000171082,1186513,62.438714220376546,1184918,61.34120255486811,1189846,79.89804051333864,1191257,52.567103996635645,1187548,101.523166052793,1188674,72.95755721744162,1180165,72.47101377521447,1191243,53.17576808708247,1188296,80.55968424251755,1191182,93.05741794749989,1149171,57.72467116206869,1190838,82.60451850029389,1173305,105.55798479987455,1191012,125.33883632781446,1191269,66.84667554382975,1179370,81.201955700135
1188440,1171329,49.036007686981314,1187619,131.4808767072198,1191265,88.8552618258588,1186807,99.64720882798659,1174825,134.960086680845,1191274,74.36385251808719,1188748,86.45636610835243,1191149,159.75152316753744
1188420,1170711,94.17044635302184,1188713,118.18183287389499,1191273,104.54071967277919,1188783,106.74854055844325,1181149,93.8469136963609
1188452,1190995,39.949110636034554,1188759,163.88627473418893,1191006,51.00072954967885,1189821,44.57489452975835,1191274,70.62482299823165,1190667,227.29115494650415,1188718,169.72120621640863
1188503,1191186,76.20384510712715,1188784,66.76176002457444,1191249,50.35412688386407,1180119,41.22585004860227,1191236,161.25854556164535,1188557,55.408260797282374
1188487,1191231,53.93966061954352,1191267,80.92750348489507,1188705,61.72160280102818,1191204,41.18865060235382,1191274,77.83517449359472
1188535,1191274,127.49097505073503,1190200,88.73591102648399,1186894,154.882801635415
1188512,1191274,103.03366687673692,1169870,91.19482664563458
1188516,1173937,43.70704680724285,1191172,50.312490012858575,1191274,57.06553224985894,1165096,145.4737813106162,1188360,55.77597477632966,1181375,86.91321923330113
1188560,1188850,109.40285362941269,1191202,98.37611088273174,1191238,100.59279655030288,1185701,74.25999590635496,1191258,82.27137259686072,1175196,112.64521034812128,1188668,93.15221424808723,1191276,96.20086692864409
1188575,1175986,80.480286734699,1179807,72.37730413851172,1178655,99.928462835883,1169185,55.3914638886916,1183873,81.85580070355007,1178754,76.9496804820591,1191265,69.96217638716269,1191047,43.479058621066294,1188776,54.46635338872591,1191150,92.63726778562427,1188207,60.16352415333873,1179502,77.67342717392543
1188548,1179936,44.37530482469911,1191095,52.06756209661477,1188260,54.631398425974666,1190837,52.40266544278873,1188858,78.1046358094643,1188558,110.37237392679627,1189244,53.871767692173535
1188558,1186589,87.54583202560029,1188548,110.37237392679627,1177615,47.59987547400555,1191095,87.93416486835994,1190837,149.97856358598833,1188858,124.45283418921697,1189244,80.62958672618548,1181282,97.36639662683126,1191271,45.53863094667257,1188260,143.9352199074859,1191268,122.74542462087263,1172072,53.036375813055514,1191211,96.28524779392713,1190760,41.17401186797718,1191145,55.48429966041722,1191213,88.83142338112116
1188557,1177888,120.67367052950627,1191249,64.75073242090775,1188503,55.408260797282374,1191236,144.1853853943133,1184909,61.37845557836353
1188599,1191267,57.040527375627796,1185872,65.1161420963689,1172859,53.57683655439861,1188079,59.29409063732544
1188580,1191270,50.959320735006756,1191274,59.853436794514494,1191247,46.00826105447888
1188586,1191190,70.27325652433612,1191271,42.92290558618143,1191209,149.00649184759865
1188634,1180436,98.69032863236725,1191274,110.54412707090981,1187608,67.07524128707033,1186460,103.80786615938014
1188613,1186832,89.96121590058027,1177779,68.22182401685593,1191255,45.05693039932174,1180629,57.825586376097306,1191194,93.85182204938266,1186683,62.463271764511845,1188896,71.31316365317524
1188617,1187968,42.14497414620482,1176839,50.55640615316212,1191259,88.73671539540845,1185752,42.41381122741123,1188910,76.84346278927377
1188667,1191186,44.263854856248216,1191254,40.95140093408594
1188668,1188560,93.15221424808723,1179587,87.28444926866472,1191238,118.71159028157255,1163892,66.65853031837793,1185701,75.40990830508953,1191258,86.47173702642988,1188779,107.89352435847924,1191276,117.93251868372806
1188643,1191251,49.125226799739345,1184816,54.5863629270051,1186576,124.60546788612142,1191063,67.92955264967895,1187096,64.30067418544888,1191263,50.58533084906767,1172707,92.89228327586095,1191265,121.552464006899,1184806,95.77344679681157,1190666,46.706026954681164
1188641,1185207,101.29906679882762,1179512,52.735555429221094,1187262,70.14187289949258,1190718,58.10461505312798,1187266,89.68254150549599,1190785,110.31615451815789,1191201,63.057773040449895,1166474,116.49381577163378
1188645,1190995,44.65019152741105,1191221,49.306426681477454,1189444,58.125556088008395,1188901,160.27865586229865,1191274,69.53740514072005,1186569,133.3701212295421,1178316,44.941896048654684
1188649,1191274,148.3602594716919,1191160,61.361151762534746,1183374,71.15794895481,1165055,117.79586892879742
1188654,1187842,61.691590738450024,1183840,50.46449822857737,1188390,132.97496826432447,1190295,47.36473505281226,1191239,75.74964007115098
1188688,1188866,44.573473003230276,1191270,68.83105754550856,1191274,50.95820708968122,1188765,48.89863904832853
1188696,1190978,97.8982762396625,1188097,57.43446211547398,1188705,71.82259287613638,1191204,41.85242501922358,1174844,44.61202594215978,1190172,135.9994341487975,1190972,56.68233936079944
1188703,1191074,45.81992727534393,1191274,56.18688979896007,1188888,58.159987999757746,1189928,51.8110676802749,1181791,65.94082587951146,1185437,50.518464183295784
1188674,1187478,78.38441567089143,1188887,59.174185601784636,1187548,79.61672125339632,1184769,114.21244068001397,1189124,41.42372181728047,1190897,163.78874103351959,1191025,44.51241435368172,1189818,43.902778451052804,1189946,49.402655944866304,1190587,67.81247767095877,1186687,61.997298320493925,1167717,55.29421060601701,1188900,79.64615514627873,1191269,50.86202414404451,1191274,57.39770309264529,1188397,72.95755721744162
1188686,1188882,60.44709434558581,1191280,74.97092324692503,1183674,112.72862007356152,1191129,73.34338599411291,1190149,56.65552693200841,1191274,60.270391040186254,1191209,88.89072740604884,1153548,43.411806672126836
1188735,1191265,46.9432072679898,1164567,47.83929524796048,1190879,158.5148883605224,1191149,236.16221143271784
1188706,1190043,43.04508114634618,1180417,44.773728701024396,1187908,58.23044881358593,1188836,67.69163227812803,1191274,70.033518029841,1164043,47.79183388915055,1185071,60.26561468186704,1191247,58.60309571298489
1188705,1191259,53.25312744525701,1188696,71.82259287613638,1190978,53.21328876360031,1188487,61.72160280102818,1181132,79.74190941695186,1190973,111.97291431586791,1191204,67.9033109614376,1191083,61.74175548551785
1188713,1188420,118.18183287389499,1191268,99.78682581080187,1191013,64.7568247204924,1191211,73.32039255049088,1191273,43.87278793512803,1188783,70.66033462466049,1181149,151.68732446752892
1188718,1190995,167.8738548038676,1188452,169.72120621640863,1189444,204.96123274593953,1188901,91.05711828986892,1190667,82.99155603533497,1189821,199.3861168125753
1188759,1173682,84.67435257690363,1179064,80.96161190299637,1191006,143.69518781982939,1189821,193.7255874179993,1187938,82.77339100262265,1188452,163.88627473418893,1191274,125.31339205567294,1190667,89.55914105049216,1188238,117.11007422245817
1188766,1191242,112.42411786477399,1184667,104.94023388588488,1190667,87.20838041467299,1191147,81.2143559149132,1188750,127.81995950662024
1188765,1188866,49.78765706416546,1188688,48.89863904832853,1191270,46.69220807051081,1188836,76.37983265799316,1191247,42.12980497020887
1188750,1188766,127.81995950662024,1187938,153.23904131842957,1163811,75.55051444852297,1188804,53.9626484534301,1176681,55.183350748152705,1191242,57.45960779443721,1191274,60.00091380355042,1190667,189.7867148705321,1190345,130.85936277207293
1188748,1171329,69.31246748497236,1191265,75.28805790343037,1190666,78.21661675867473,1191274,73.72706753757892,1188440,86.45636610835243,1191263,99.44918706969072
1188787,1190835,50.06676575031723,1191251,44.85186503099263,1155862,55.72301236150841
1188784,1191186,98.45231655062418,1191249,64.78963732440612,1191254,126.12386031986193,1188503,66.76176002457444,1185525,64.24480885254079,1191130,214.3954649927866,1188411,76.20639771150199,1147468,88.7108218055494
1188794,1163330,82.79817277688923,1188804,65.91206201587823,1191242,50.18541782915613,1174634,42.19757611410054
1188779,1191230,50.11638695031677,1188668,107.89352435847924,1191238,50.19203175389475,1191276,44.33771397794519
1188776,1175986,87.52864591625747,1187367,55.63892343921352,1191150,103.60762379941629,1188575,54.46635338872591,1187404,59.61015197224779,1179502,66.51529884135712
1188777,1186417,102.80105071533463,1190200,49.87588631216734,1167738,42.9954633267772,1188897,65.28826863001777,1174628,75.84905163800612,1191274,148.13942576754582,1165096,39.704244451927465,1188360,109.21952291164234
1188783,1190110,68.64184626978884,1188420,106.74854055844325,1191210,60.222832991583246,1191211,58.44964128106426,1188713,70.66033462466049,1189449,87.97962679084529,1191273,66.38526708991743,1178574,61.7200086354973
1188816,1179666,93.81770979741542,1190736,191.17292317530124,1188894,178.26070921888785,1186652,100.94838066714924,1183717,166.8060905271481,1191274,76.77255074366609,1173101,93.67613455292147,1188332,100.91824595127592
1188804,1188794,65.91206201587823,1191242,46.88423833715112,1191274,49.33443950519455,1174634,83.39844198477465,1190345,138.6856315785168,1188750,53.9626484534301
1188812,1191261,57.50710463301614
1188850,1191091,124.24686107199602,1188560,109.40285362941269,1178195,58.78835083560798,1191258,73.4093716325033,1175196,58.50075895351651,1191069,49.317562200725476,1191202,52.318511122234476,1190689,55.88772781746774,1188910,98.5842818887459,1191276,60.82497533510271,1187789,60.37570076851011
1188852,1186960,93.560380211036,1190929,99.29184627500301,1186779,81.28956757835302,1178957,87.7473911221734,1175152,86.77065417153347,1166335,78.04831031946357,1176611,85.70967183060564,1186021,82.86796568501317,1183717,99.57221717112672,1191274,119.03480237279027,1174443,109.80503856294087,1174315,91.0076936293388,1175597,82.54220133201473,1161711,87.33573772032803,1188332,87.43509488729273
1188858,1191251,77.11920618420271,1143252,106.6979257664118,1191042,99.33565259397064,1184579,85.41847000876737,1188548,78.1046358094643,1184004,110.28891317388279,1188558,124.45283418921697,1187698,93.72327098755893,1185394,100.58262830524602,1182258,147.39491682675921,1191095,81.39219756516174,1190708,123.29444111314429,1191098,82.17855071653516,1181282,81.39894624808376,1186594,98.8459344767076,1191268,75.80513529160437,1191214,94.76565813207273,1191213,81.6339010872132
1188860,1187347,103.23880546685864,1190806,90.33015057484636,1174203,72.54378589333278,1181406,75.47706135581316,1181375,76.77949260776647,1185953,87.66463342484484,1188897,88.91730658203609,1188036,89.49419736929909,1191172,86.78563690752436,1187978,96.14671900073976,1191242,84.01023588879085,1190667,119.16264893156834,1191147,68.8386703591553,1188360,74.18451770208924
1188835,1191193,86.72389108678045,1190342,66.82704152326546,1187978,49.50067109480651,1191242,39.13495420446364,1191274,51.49412114422433,1186379,153.80266137433185,1191144,43.30260370281276
1188836,1188706,67.69163227812803,1180417,72.88796666228427,1164043,77.98269807811464,1191247,83.92169611172586,1188765,76.37983265799316
1188837,1178688,40.74809313606669,1191274,144.86931964737977,1186379,66.86198187427493,1191193,56.83667373856538
1188882,1191280,106.80909999113297,1183674,147.31301970641346,1188218,68.4398935620483,1191274,47.959041312019465,1191209,121.72355293883061,1188686,60.44709434558581,1153548,61.53494764209795,1190717,40.098961532641034
1188887,1188674,59.174185601784636,1189124,42.544631482089144,1162319,119.95738916615899,1191027,67.33880771116569,1155186,49.87531539897388,1190897,168.66950881087274,1165110,46.68994500275571,1186938,61.31966646457567,1188218,70.21027241695884,1189818,44.532032064234926,1190398,100.7996679709873,1188128,55.59245460391419,1167717,49.39141461142519,1191274,55.884910156816005,1188904,166.7695247893157
1188888,1181791,67.81697873967326,1188703,58.159987999757746,1185437,51.771607325571,1174216,48.442680345650224,1190924,63.90796617551232,1191052,46.1322957219996,1168753,134.33055327305047,1190903,79.66281010026977,1191034,51.009413074596345,1191165,73.41104419190128,1191229,52.18725517836444,1191074,46.45902102763595,1191274,62.584535319568296,1189928,64.39610005256267,1188079,55.37340480453319
1188889,1191251,81.96550541991387,1191233,74.95152961497045,1180889,69.85808651084564,1187705,71.92935446514552
1188894,1179666,134.80666459290694,1186960,145.20871637993815,1188816,178.26070921888785,1190736,47.769007232546926,1110471,51.302494198084986,1183717,59.276017143609955,1191274,193.6544283053504,1186669,113.06893869514982
1188892,1183860,65.33955602673447,1191258,74.22522653964127,1186109,101.25803300802309,1191271,58.1566700849774,1190373,63.7615202949111
1188866,1188688,44.573473003230276,1191270,63.48983552700189,1179623,42.43593176569319,1191274,55.12474715525443,1188765,49.78765706416546
1188873,1183764,96.9724517152617,1180666,142.14818091568688,1170041,59.495959348969954,1191096,152.55613171884156,1191160,66.68035022280829,1182617,62.393655946287474,1191232,148.51522729583078,1191274,146.43392500575058,1176367,66.09250167453214
1188878,1169459,53.616818372307534,1177749,94.38417344462546,1184918,113.32769379496824,1187478,64.89623634907721,1191225,61.79010797468653,1188900,75.46900405043955,1191012,61.39453692862531,1180165,89.16847578705291,1191269,92.76865293137256
1188899,1191274,169.44804234699006,1157162,65.02005274053103
1188896,1186832,63.55621758346679,1177173,71.0992529553614,1191255,58.46922271016544,1188613,71.31316365317524,1191194,64.29606566432393,1191258,56.41120758789931,1191260,73.9480792615796
1188897,1190806,115.75223238786168,1174203,101.66547875766196,1190200,77.6104976796217,1188860,88.91730658203609,1188036,70.94327364563016,1165096,61.59535117076118,1188360,91.43801335224575,1188777,65.28826863001777
1188900,1187478,59.6660487479845,1188218,70.56949097305107,1189818,74.62125599467376,1191225,82.63743991274647,1190717,68.97494572089347,1188674,79.64615514627873,1184769,77.66496224688314,1191271,99.38118074272805,1191274,83.63429542614315,1188878,75.46900405043955
1188901,1189444,202.72548239320983,1188645,160.27865586229865,1191221,158.08010702367784,1188155,97.53338263639792,1179176,217.78547069424448,1190667,79.59550258439435,1179880,142.3973153206126,1186569,122.41142478557425,1188718,91.05711828986892
1188904,1188887,166.7695247893157,1191274,176.0546785653219,1190398,73.72671317424255
1188910,1188850,98.5842818887459,1191091,65.20828601221602,1178195,92.38833201066856,1191258,54.48365191672778,1191099,119.5757889682358,1191259,52.46177117116703,1185752,57.17119123173424,1180637,87.10294582208283,1191069,106.89351074768891,1190982,62.42064399981536,1184522,62.37751636713238,1189515,89.8564716548265,1180009,71.93535433237663,1188617,76.84346278927377
1188911,1183154,64.30716741361691,1181268,62.04721786417225,1190331,67.67461225189822,1181337,61.31433247858623,1190588,138.09904188158544,1188161,77.40978862865842,1191205,109.29451143379848,1191210,97.0664414827928
1189124,1188674,41.42372181728047,1188887,42.544631482089144
1189184,1191205,45.74189774516005
1189244,1188260,74.42783728862435,1188548,53.871767692173535,1190837,81.57063237162568,1190760,87.68959283374802,1188558,80.62958672618548
1189219,1191274,67.26952283098655
1189230,1191194,71.94080206532709
1189276,1191274,48.246784022374484
1189293,1191250,50.11309227371149,1191132,64.6496893010165
1189375,1191259,45.52851247835216
1189399,1191013,49.07850121950083,1187721,111.04080270823682
1189403,1191230,56.73485787478911,1191276,57.90275622543996,1187789,43.18927428922736
1189444,1190995,43.5222758486402,1188645,58.125556088008395,1188901,202.72548239320983,1186569,149.16618859918808,1188718,204.96123274593953
1189449,1191210,50.67960112883116,1188783,87.97962679084529
1189452,1191264,100.94627840131457,1191274,76.90271195304322
1189487,1190837,24.653614964205385
1189524,1190835,42.597649142376945,1191251,60.929668839991905
1189515,1190982,47.2991241084599,1191099,34.7220073809952,1180009,24.437821511431387,1188910,89.8564716548265
1189576,1191259,58.51935998366897
1189778,1190402,66.3366885380351,1190336,83.75136675521486
1189818,1188674,43.902778451052804,1184769,122.0179337101051,1188887,44.532032064234926,1188900,74.62125599467376,1191274,41.24444755784135
1189821,1188759,193.7255874179993,1188452,44.57489452975835,1190667,264.39246501408866,1188718,199.3861168125753
1189846,1190838,41.2103394020553,1188397,79.89804051333864
1189834,1191274,160.48861713991712,1178362,69.44564436975915,1191132,91.89730995810051
1189946,1188674,49.402655944866304,1191025,31.701935035488894,1190587,40.92779633807721
1189928,1191074,49.35713664153285,1174216,73.68687636321796,1188888,64.39610005256267,1181791,65.17991513306937,1188703,51.8110676802749
1190035,1191274,63.70161889199054
1190043,1188706,43.04508114634618,1187908,74.0824297965065
1190048,1191210,43.52066136994496
1190058,1191251,48.81627842423004
1190110,1190720,65.44983102879313,1191210,30.469883226138098,1191211,40.99618047018799,1188783,68.64184626978884,1178574,87.21505157229777
1190140,1190880,52.57746530740842,1188390,63.27099488206611,1191274,53.105326338227655
1190161,1191259,48.942697904262644
1190172,1190978,42.495399224675424,1187926,50.60580934827307,1191204,136.58686786592517,1188696,135.9994341487975
1190149,1191280,43.00368794243258,1191209,56.60945963140191,1188686,56.65552693200841
1190158,1190546,52.03738064330512
1190200,1188897,77.6104976796217,1188535,88.73591102648399,1191274,188.12533232879125,1188777,49.87588631216734,1167738,39.92130535906289,1186894,208.91728636319033
1190215,1191259,49.96129600373245
1190262,1188128,143.79535998348044,1190897,41.29569631896018,1186938,118.55567855575005,1191274,148.23113766639187
1190295,1187842,54.0257025987001,1183633,132.975682411784,1188390,126.17638028489628,1188654,47.36473505281226
1190331,1188161,46.08397503618053,1191210,51.83979886009997,1188911,67.67461225189822
1190329,1191210,43.74074594437614
1190338,1190978,101.22134532187347,1187926,103.79678147861628,1190554,41.084682634423885,1191259,45.75357206515005
1190336,1189778,83.75136675521486,1190402,23.576950250524575,1191230,45.21271557484608
1190342,1188835,66.82704152326546,1191274,84.90570621194503
1190345,1188804,138.6856315785168,1191242,118.28458963450004,1188750,130.85936277207293
1190398,1188887,100.7996679709873,1191274,107.192953784457,1188904,73.72671317424255
1190373,1191190,66.94859590022877,1183860,47.913622936644224,1191258,104.29696468460106,1188892,63.7615202949111,1190877,178.48965098760706,1191238,148.97129133800007,1191271,33.16361433000295,1191237,152.26497055461928
1190424,1191194,63.15103124782369,1191243,96.06951231017679,1191231,54.51465631379361
1190402,1189778,66.3366885380351,1191230,31.121636038849367,1190336,23.576950250524575,1191271,106.24196362664524,1190891,29.995313924610986,1155530,46.19231875682627,1191276,50.13687202129225
1190451,1191205,31.95785423964887,1191198,75.50620377141306
1190455,1191251,39.54347109124958,1191161,49.06350976387566,1188223,57.64289906138563
1190436,1191274,102.6780522896197,1171261,101.46314394233409,1190988,100.02380728434444
1190516,1191205,34.914987523882864,1191259,86.50070485176178,1147661,39.430867054072344
1190509,1190835,74.34654090301986,1191251,57.89945212704015
1190546,1190951,104.75330313013563,1191143,159.5381687134719,1191274,55.69530949349165,1190158,52.03738064330512
1190554,1190338,41.084682634423885,1187926,137.86044337704564,1191259,80.44670111621346,1191278,63.40459652547779
1190587,1188674,67.81247767095877,1191025,64.03579156408422,1189946,40.92779633807721
1190588,1183154,156.91043702592836,1188161,102.1071891075102,1191205,41.08490474258739,1188911,138.09904188158544
1190560,1191186,116.48092534056553,1183873,46.42802482155571,1191047,53.054005494167924
1190600,1191274,50.59701437006804
1190649,1183674,46.74404701575951,1188218,117.23433007921967,1191209,44.324618308412944,1190717,144.03566915826397
1190628,1165058,79.61040383409247,1191063,56.69361927904835,1191279,49.08471227758301
1190661,1191074,81.63552585758285,1191267,55.14064075606521,1191274,65.26930302141895,1191243,46.32297068631612,1191231,88.07434082266292
1190666,1188643,46.706026954681164,1191265,103.33840575841752,1191263,45.33171089701918,1188748,78.21661675867473
1190667,1173682,123.11340557818157,1188759,89.55914105049216,1191221,221.47949452278226,1179064,58.40506316838697,1184667,171.2248069377823,1188155,118.87838824486873,1188766,87.20838041467299,1188860,119.16264893156834,1189821,264.39246501408866,1187938,61.04859321650503,1185953,76.11403651287155,1188036,78.62873270077262,1188452,227.29115494650415,1188901,79.59550258439435,1191242,179.67702342887728,1191274,-9177478.541822368,1191147,133.18046579321683,1186569,132.6312787115893,1188750,189.7867148705321,1188718,82.99155603533497
1190705,1191249,71.38089447136232,1170616,46.36707441493433,1187436,45.53304987736727
1190710,1191271,82.00288641268183,1191012,54.04452073365043,1191225,87.17511933550357
1190708,1187698,101.78658391539403,1186594,63.00330080724903,1191095,148.94282053122677,1188858,123.29444111314429
1190718,1188641,58.10461505312798,1191201,60.452313772047084
1190717,1188882,40.098961532641034,1191271,43.200191703135744,1188900,68.97494572089347,1188218,53.90464136170549,1190649,144.03566915826397,1191209,107.10328149009447
1190691,1190898,40.70662787329789,1191194,44.8189108850798,1179468,42.208456903278744
1190689,1188850,55.88772781746774,1191091,161.2049115641546,1178195,59.62859806293203,1187789,50.166123154616244
1190692,1190799,39.68204123727957,1190959,67.05472787303019
1190736,1179666,148.0802072910758,1188816,191.17292317530124,1183717,48.639537876112186,1188894,47.769007232546926,1186652,130.20167667590013,1188332,135.4740061342506
1190720,1188161,46.212572005350104,1191271,81.09818010768913,1191210,42.85445961443656,1191211,37.690376538639065,1190110,65.44983102879313,1191230,53.14120617667095
1190775,1191251,39.6412680551677,1191274,130.35029627770507,1190812,146.46594977922285
1190760,1188558,41.17401186797718,1189244,87.68959283374802
1190806,1188897,115.75223238786168,1188036,118.82699695732308,1188860,90.33015057484636
1190812,1191251,115.4740220052082,1191190,47.102700469611264,1190775,146.46594977922285,1185791,40.780975897231826,1191271,33.65516700233903,1187653,46.61750802836865,1191274,45.008313906295456,1191209,127.94048831728831,1191213,87.8651722466981
1190785,1187266,153.50650290718542,1191104,90.51534382281606,1188641,110.31615451815789,1191201,69.48883980015155,1185207,63.025275257371504,1183839,66.16035862494074,1191071,39.30267547590536,1184125,49.4607944233645
1190788,1191274,113.29652360914733
1190799,1190692,39.68204123727957,1191034,121.9547788529829,1191274,126.34213182853308,1188123,53.35985191057867,1190959,38.254512510522346,1190924,55.31165667246785,1191229,104.99514558878799
1190835,1188787,50.06676575031723,1191251,39.933937531359426,1189524,42.597649142376945,1191080,62.030594882555974,1190509,74.34654090301986
1190838,1189846,41.2103394020553,1191271,80.04623162612651,1191012,58.07842768648139,1191194,43.95161577563858,1191257,92.32401983698665,1188397,82.60451850029389
1190837,1191095,74.53308593225483,1189244,81.57063237162568,1179936,46.58075942848526,1188260,29.181937176644443,1188548,52.40266544278873,1191268,36.00788272660622,1191013,74.90480918381067,1188558,149.97856358598833,1189487,24.653614964205385
1190867,1191274,46.151420695828605,1186687,40.94038484532793
1190878,1190898,185.64792124841568,1182288,145.30448883796313,1191015,45.716088818403726,1191259,88.0454726771203
1190879,1191264,145.18442387738034,1191265,151.42319948664044,1164567,149.97565477577652,1188735,158.5148883605224,1191149,82.59225415724454
1190877,1191238,44.52484328769091,1186119,144.2752996433067,1191271,161.2949685311532,1183860,151.0497693155435,1190373,178.48965098760706,1191237,42.14172980654369,1191258,84.01577254233945,1191276,52.08502487950699,1184621,56.37496189779071
1190850,1191274,48.513830086938576
1190898,1190691,40.70662787329789,1182288,47.020074171398015,1191015,162.1210257644856,1191194,77.67512784882109,1191259,106.6395205494248,1190878,185.64792124841568,1179468,42.22333335216987
1190897,1161105,41.72493681234635,1188674,163.78874103351959,1188128,173.54847767077845,1190262,41.29569631896018,1188887,168.66950881087274,1186938,147.64907409268403,1191274,177.79933101516022,1162319,56.709918082384036
1190903,1185872,43.69918470649469,1172859,73.51855092760782,1188888,79.66281010026977,1191229,79.52171559597112,1191267,111.91903182150736,1191278,43.9819769968262,1188079,81.81657106442688,1191052,92.1666406978208
1190909,1191205,99.25214980346816,1191259,45.526486117208286
1190880,1188352,48.074048652627326,1188390,84.26935022259588,1191274,88.34250309388338,1190140,52.57746530740842,1186428,74.66890558920049
1190890,1191186,69.08329508246729,1191249,53.31387003642441,1190955,84.00015761623979,1191261,43.17294112787208
1190891,1190402,29.995313924610986,1191230,52.921130507153535
1190894,1191189,40.634325536668904,1191205,121.01114496491368,1191259,68.9615288721126,1191198,69.87586428898152
1190929,1176611,57.38418281056673,1188852,99.29184627500301,1186021,79.95060539870398,1174921,165.40706157214208,1191274,186.25097333291885,1186779,81.89596749351048
1190913,1191229,50.26371370095844
1190924,1191034,75.64339155461082,1188888,63.90796617551232,1190799,55.31165667246785,1191229,54.11305853630195
1190970,1191198,50.590394158323285
1190971,1180178,53.623459522606666,1137168,103.4975115980155,1191274,58.78734271152609,1191209,78.95749851143107,1191196,50.53997614644724,1164638,46.249769465228304
1190972,1188097,41.09337508917948,1187926,128.1517066361293,1191204,49.81196884148412,1188696,56.68233936079944,1191278,56.14464793565243
1190973,1188705,111.97291431586791,1171108,121.73088379486504,1191083,77.34700822107894,1191259,96.04741596132043
1190951,1190546,104.75330313013563,1191143,70.8038428385722,1191274,70.90427878291159
1190955,1191186,148.0214236910122,1178995,109.20776344522938,1191249,45.574686684874344,1190890,84.00015761623979,1191274,72.66696710583982,1188137,126.09103799964375
1190959,1188193,150.49709982225806,1190692,67.05472787303019,1191274,153.4983317387258,1190799,38.254512510522346
1190995,1188452,39.949110636034554,1189444,43.5222758486402,1188645,44.65019152741105,1191274,55.25750533106973,1186569,133.48546564142015,1188718,167.8738548038676
1190992,1187619,194.25898380361602,1182560,96.75505250276126,1191264,42.54856627994829,1182404,42.97475520735541,1191274,47.84726256158623
1191006,1188759,143.69518781982939,1188452,51.00072954967885,1191274,43.242573729283095
1191005,1191274,49.880000792081006
1190978,1190338,101.22134532187347,1188705,53.21328876360031,1187926,48.19444186245326,1191204,97.8103538714027,1191259,62.514437490769474,1188696,97.8982762396625,1190172,42.495399224675424,1181132,39.87428613249283
1190982,1191091,84.65746966750973,1191205,45.711488962088346,1184522,72.84195503981968,1189515,47.2991241084599,1191099,77.30695436196085,1191259,42.02165314898546,1188910,62.42064399981536
1190988,1191062,88.66963944601395,1190436,100.02380728434444,1172409,44.56450937712342,1191274,198.67312885245653
1191027,1188887,67.33880771116569,1165110,85.4157704704763,1191274,66.37583631646929
1191025,1188674,44.51241435368172,1189946,31.701935035488894,1190587,64.03579156408422
1191034,1191274,46.436910768735686,1188888,51.009413074596345,1190799,121.9547788529829,1190924,75.64339155461082
1191015,1190898,162.1210257644856,1177173,101.15225889960875,1191194,91.55321544481596,1191259,60.10956811461026,1190878,45.716088818403726,1191260,106.62253131824338
1191012,1169459,45.74406777708668,1190838,58.07842768648139,1190710,54.04452073365043,1191271,129.69466620058338,1180165,86.15451615954498,1191225,50.37904290836006,1188878,61.39453692862531,1168780,105.4045716964023,1188397,125.33883632781446
1191013,1171092,57.976274473666294,1189399,49.07850121950083,1191268,49.37209991323934,1190837,74.90480918381067,1146456,52.682701742798706,1187721,81.54174459876354,1188713,64.7568247204924,1191273,56.223145522507586,1188223,50.90326849695987
1191017,1191274,50.44056068097815
1191062,1191274,115.05506378613103,1190988,88.66963944601395
1191063,1188643,67.92955264967895,1191251,70.23196682961657,1172707,39.93410330228311,1191265,75.14846778285938,1187367,42.438209719989274,1190628,56.69361927904835,1187096,42.99759891978739,1191279,95.53264579841199,1187404,50.33682552443575,1152238,51.82637796680563
1191071,1185715,42.09686278209583,1191104,106.13597123609479,1190785,39.30267547590536,1182246,65.09176245463291,1185207,64.60965490031059,1180458,63.62128509911714,1183839,63.90295481723556
1191069,1188850,49.317562200725476,1191258,74.79690007114708,1188910,106.89351074768891
1191042,1191251,87.83687555738081,1188858,99.33565259397064,1191213,63.508367722628854
1191047,1169185,59.401265173652256,1191186,69.97571466672451,1190560,53.054005494167924,1183873,72.38271260074086,1178754,66.21414556102269,1188575,43.479058621066294,1188207,49.39364459172038,1191261,43.63743425320752,1191277,46.5897255087922
1191055,1191274,42.16710267967388
1191052,1190903,92.1666406978208,1188888,46.1322957219996,1188079,41.084880919429075
1191091,1188850,124.24686107199602,1178195,117.7673033527504,1188177,43.919848013058825,1190689,161.2049115641546,1190982,84.65746966750973,1191205,121.34873652994249,1188910,65.20828601221602,1191230,116.76947468634089,1180637,53.81583054947842
1191095,1187698,93.29775326594314,1182258,112.02890120470248,1185394,65.06947419602537,1190708,148.94282053122677,1190837,74.53308593225483,1187989,59.54658776789336,1188858,81.39219756516174,1191161,52.101933085156105,1179936,41.51076843186093,1188548,52.06756209661477,1191268,49.98626740331074,1188558,87.93416486835994
1191098,1184579,56.16541543140909,1191251,48.45865184539782,1188858,82.17855071653516,1191214,48.89809793983364
1191099,1190982,77.30695436196085,1189515,34.7220073809952,1180009,53.71403401193162,1188910,119.5757889682358
1191096,1191232,40.45204854338525,1183764,100.7527760259258,1191274,47.687493073752734,1188873,152.55613171884156,1176367,138.83636855758158
1191074,1179857,47.91620443699361,1180436,43.90091635467683,1190661,81.63552585758285,1191274,48.52403021523636,1188888,46.45902102763595,1189928,49.35713664153285,1188703,45.81992727534393,1185437,39.12392205872824,1191165,74.90935584808159
1191083,1188705,61.74175548551785,1171108,59.11947425196754,1191204,33.02719436705209,1191259,43.55941375447746,1191113,41.215318147279994,1179468,106.60419831426042,1190973,77.34700822107894
1191080,1190835,62.030594882555974,1191251,45.04041960248012
1191130,1188784,214.3954649927866,1191254,99.6659865157333,1185525,243.05294848978463,1188411,229.4717185795424
1191129,1191274,100.0744262224109,1191272,53.92808406738941,1191209,47.30910694030263,1188686,73.34338599411291
1191132,1170561,71.27117567582975,1185410,79.99311375569506,1191250,47.1497788450754,1128240,141.4199574378472,1191249,103.14323506858223,1189834,91.89730995810051,1191274,79.15993062016717,1191240,73.38735818873033,1178362,65.56759501444064,1168863,79.42527467170015,1189293,64.6496893010165
1191104,1185715,105.58290619580329,1190785,90.51534382281606,1191201,40.933983039587226,1182246,79.28110491033766,1180458,75.5808490853195,1191198,42.992686357220514,1191071,106.13597123609479,1184125,78.27140339731066
1191113,1171108,82.96278424213546,1191204,39.447567238296244,1191194,87.46601118644277,1191083,41.215318147279994,1179468,130.50699474271013,1191231,79.23544022346043
1191160,1191232,192.37767168144643,1170041,45.32317626504663,1191274,188.21918253366948,1188649,61.361151762534746,1182617,55.147741627740615,1188873,66.68035022280829
1191161,1191251,42.49292841233341,1190455,49.06350976387566,1191095,52.101933085156105,1191268,39.471073170722455,1187989,70.99528755622623,1187705,69.23167004936074,1188223,48.56657662431432
1191165,1191074,74.90935584808159,1191267,103.14639969006186,1191274,97.65938078454752,1188888,73.41104419190128,1188079,73.6199174370329
1191143,1190546,159.5381687134719,1190951,70.8038428385722,1191274,115.18864275089527,1191196,118.14252166875931
1191140,1191264,142.2862697221053,1188321,66.2809829193318,1191176,147.53238565940867,1191262,41.67809369345645,1191149,85.79671752646097
1191147,1187347,82.16289644580156,1185953,77.82765061630226,1185894,82.3413962364909,1191242,58.18266207236144,1184667,50.802606417963204,1190667,133.18046579321683,1188766,81.2143559149132,1177932,112.24251314691274,1188860,68.8386703591553
1191144,1188835,43.30260370281276,1187978,58.91999137977113,1191242,43.71312829296773,1181406,70.24749508251843
1191145,1191271,53.10669922806239,1188558,55.48429966041722
1191150,1175986,58.27665044068912,1191265,48.60008430188417,1187367,96.89928276085143,1188776,103.60762379941629,1188575,92.63726778562427
1191149,1186807,216.206992644345,1164567,227.8302258223295,1191188,86.96725756494016,1188440,159.75152316753744,1191262,60.6378651483696,1188735,236.16221143271784,1190879,82.59225415724454,1187619,51.22438660421811,1191264,222.000873047868,1188321,43.750421570888626,1191265,227.73820550919973,1191140,85.79671752646097,1174825,41.14611572734104
1191186,1178995,49.51703146424062,1188784,98.45231655062418,1191249,110.82750356551625,1191254,45.29160398951955,1188503,76.20384510712715,1180119,82.41337175722207,1188667,44.263854856248216,1188411,120.08368063847888,1191261,46.03152927346139,1190560,116.48092534056553,1173797,106.88917439042085,1191047,69.97571466672451,1190890,69.08329508246729,1190955,148.0214236910122,1188137,41.61892620971162,1188207,91.72345601547785,1185869,110.12804112499865,1191277,43.9000935677756
1191190,1191271,52.32949883090677,1190373,66.94859590022877,1191237,96.61417918926756,1188586,70.27325652433612,1191209,102.6364439926883,1190812,47.102700469611264
1191188,1191264,140.91545414391337,1188321,66.39175568022387,1191149,86.96725756494016
1191189,1191259,57.2623309350405,1190894,40.634325536668904,1191198,57.16714197296721
1191194,1186832,38.54189899801449,1177173,42.095762941924285,1180629,124.12915441038227,1191258,51.05065741430007,1190424,63.15103124782369,1191257,63.97779245977239,1168899,76.06549072028366,1188613,93.85182204938266,1188043,47.70498759580521,1191243,44.47122759157953,1191113,87.46601118644277,1191182,54.505373361093106,1179468,68.83552519893865,1190898,77.67512784882109,1177779,57.4858411519924,1190838,43.95161577563858,1191231,32.74425768699713,1188093,69.51129473514796,1186109,88.78298585278681,1190691,44.8189108850798,1188896,64.29606566432393,1191015,91.55321544481596,1191271,52.486255024218586,1179370,50.457391978864734,1189230,71.94080206532709
1191195,1191271,60.33093840760901,1186965,49.068856764892374,1191209,87.62881475276133
1191193,1188835,86.72389108678045,1188837,56.83667373856538,1191274,104.8592831862541,1186379,84.82300407836205
1191198,1190451,75.50620377141306,1191104,42.992686357220514,1191201,60.62387791438844,1143687,40.76643725315737,1191189,57.16714197296721,1191205,57.237349361847336,1190970,50.590394158323285,1190894,69.87586428898152
1191196,1180178,46.901836257593985,1137168,145.824512226255,1161843,73.63576151093294,1191143,118.14252166875931,1191274,43.687195919740205,1190971,50.53997614644724,1191209,116.46610072147708
1191172,1188036,121.52498375892345,1188516,50.312490012858575,1188360,57.341454324212584,1181375,98.65966717724038,1188860,86.78563690752436
1191176,1191264,43.46533331299613,1191140,147.53238565940867
1191177,1191274,47.5988982446534
1191182,1186513,56.47774645098478,1191194,54.505373361093106,1181003,43.534576173318214,1191243,85.12381499854615,1179370,55.85683707362619,1191257,106.67863273049696,1188397,93.05741794749989
1191221,1179044,55.173029309549555,1188645,49.306426681477454,1188901,158.08010702367784,1191274,55.3940283174619,1179176,65.7420218960907,1190667,221.47949452278226,1186569,131.84391736443018,1178316,29.75028570795314
1191225,1169459,60.186780038871966,1190710,87.17511933550357,1187478,73.02880982351985,1191271,161.7625021204746,1188900,82.63743991274647,1191012,50.37904290836006,1188878,61.79010797468653,1168780,73.79666163982873
1191230,1191091,116.76947468634089,1178195,46.57107490441155,1188177,106.10649726917975,1189403,56.73485787478911,1183806,57.01706111739342,1167356,40.83523774489178,1180637,153.73584959572688,1190402,31.121636038849367,1190336,45.21271557484608,1190720,53.14120617667095,1167810,92.22680710899814,1188161,70.61390806077665,1191271,128.4745800090327,1188779,50.11638695031677,1190891,52.921130507153535,1191276,44.945508048298144,1187789,54.895909196697914
1191231,1191267,50.55524376343299,1188487,53.93966061954352,1191204,63.95749140773213,1190661,88.07434082266292,1161945,50.714528717505594,1191194,32.74425768699713,1191243,51.078572712763766,1190424,54.51465631379361,1191113,79.23544022346043
1191228,1183840,136.0896872680291,1188390,61.83841480259818,1186247,54.68802383217299,1191239,209.42146379200142,1191274,49.50732674641913,1187339,154.79497875908655
1191229,1190913,50.26371370095844,1190903,79.52171559597112,1188103,41.41934673894596,1188123,79.89734505287907,1188888,52.18725517836444,1191278,50.30897062208152,1190799,104.99514558878799,1190924,54.11305853630195
1191202,1188850,52.318511122234476,1188560,98.37611088273174,1191258,58.609770583029366,1175196,45.39766581799086
1191201,1191104,40.933983039587226,1188641,63.057773040449895,1190785,69.48883980015155,1185207,75.23963486614505,1154264,81.16262273287393,1187262,55.65961605298468,1190718,60.452313772047084,1191198,60.62387791438844,1184125,63.51266808897181
1191207,1188352,41.59608115545157,1188390,66.7863993784731,1191274,58.99822214581209,1182908,76.36591953463738,1186428,112.9361516940643,1191244,54.745183529267976
1191204,1187926,101.01332980729028,1188696,41.85242501922358,1174844,41.56260635095205,1191231,63.95749140773213,1190172,136.58686786592517,1190972,49.81196884148412,1190978,97.8103538714027,1191267,97.07053395092397,1188705,67.9033109614376,1188097,50.66711089106903,1188487,41.18865060235382,1171108,67.22989671689236,1191274,90.80707196344473,1191083,33.02719436705209,1191113,39.447567238296244
1191205,1190451,31.95785423964887,1191091,121.34873652994249,1188177,110.46485684368166,1190516,34.914987523882864,1191259,60.038641808938756,1191198,57.237349361847336,1190588,41.08490474258739,1190909,99.25214980346816,1189184,45.74189774516005,1188161,73.95676476550767,1190982,45.711488962088346,1188328,103.33480290494425,1190894,121.01114496491368,1188911,109.29451143379848
1191210,1190048,43.52066136994496,1190720,42.85445961443656,1188161,61.40938310934725,1190331,51.83979886009997,1191211,27.81107300671386,1190329,43.74074594437614,1189449,50.67960112883116,1190110,30.469883226138098,1188783,60.222832991583246,1188911,97.0664414827928
1191211,1190720,37.690376538639065,1191271,108.01778422327162,1191268,38.121408994349196,1191210,27.81107300671386,1177290,40.88102255341518,1188713,73.32039255049088,1190110,40.99618047018799,1188558,96.28524779392713,1188783,58.44964128106426,1179487,73.92889559592608,1178574,54.88213448253998
1191209,1180178,95.87411407455754,1188882,121.72355293883061,1137168,40.051027198559325,1191190,102.6364439926883,1186965,46.6184796555432,1191195,87.62881475276133,1191129,47.30910694030263,1190812,127.94048831728831,1191196,116.46610072147708,1164638,50.43868620490765,1190149,56.60945963140191,1187653,168.66074313363234,1134027,47.673842447645924,1188686,88.89072740604884,1191280,29.409824386927866,1183674,62.30263300107986,1188218,91.67314460177955,1190971,78.95749851143107,1190649,44.324618308412944,1185791,106.62611571377796,1184893,54.93331635731194,1190717,107.10328149009447,1186209,44.19598323169385,1191271,139.10559907211194,1188586,149.00649184759865,1191274,170.99586247124915,1191272,43.859325295909684
1191214,1191251,80.64107596249386,1184004,44.70257028490864,1188858,94.76565813207273,1191098,48.89809793983364
1191212,1184482,68.26082429001556,1191249,90.52809175704247,1191274,70.45632893037168,1146474,90.22185399101495
1191213,1181282,41.19770566771637,1191042,63.508367722628854,1177200,64.18724587256717,1191251,40.790157512337444,1191271,97.69235122602986,1188858,81.6339010872132,1188558,88.83142338112116,1190812,87.8651722466981,1186589,56.98305773747697
1191250,1185410,98.85939280853745,1170561,56.65912417816637,1128240,157.09765741274927,1191274,71.71572805742919,1164571,41.29165800766894,1168863,99.38112006033067,1191132,47.1497788450754,1189293,50.11309227371149
1191251,1191063,70.23196682961657,1189524,60.929668839991905,1155862,44.20615891333963,1187989,77.74532033684598,1178454,97.65619535734557,1187096,63.24552667983976,1180889,102.7204318262307,1188889,81.96550541991387,1190812,115.4740220052082,1191042,87.83687555738081,1184579,52.128733506728224,1191233,41.34168596021114,1184004,99.14952983176482,1153359,40.522301620523486,1188402,40.70387285420765,1188787,44.85186503099263,1190835,39.933937531359426,1184816,48.01703363009993,1190455,39.54347109124958,1190775,39.6412680551677,1177140,103.68948936555311,1182260,74.9926240197742,1188858,77.11920618420271,1191098,48.45865184539782,1187705,80.343953835955,1191161,42.49292841233341,1188223,47.75416312248791,1143969,43.79477392449879,1188643,49.125226799739345,1182245,70.49168590879806,1190058,48.81627842423004,1191274,100.24937066041291,1191080,45.04041960248012,1191214,80.64107596249386,1191279,42.996445419708735,1190509,57.89945212704015,1191213,40.790157512337444
1191249,1191186,110.82750356551625,1188784,64.78963732440612,1178995,77.2669604399097,1190705,71.38089447136232,1191254,143.34783101312578,1188503,50.35412688386407,1188411,50.265336717280476,1164571,89.09905942189539,1191132,103.14323506858223,1170111,101.6864746170715,1191261,80.00690116111349,1191264,44.818606770836766,1190890,53.31387003642441,1191274,48.62316134241128,1190955,45.574686684874344,1185352,43.15237309629535,1191240,172.4713210872527,1188137,92.90666038880364,1187436,83.68725787836408,1191212,90.52809175704247,1188557,64.75073242090775,1184909,50.58907865378374
1191254,1191186,45.29160398951955,1188784,126.12386031986193,1191249,143.34783101312578,1173797,75.10113564051478,1185525,153.64828457970333,1191130,99.6659865157333,1188411,148.11051780378145,1188667,40.95140093408594,1147468,209.559244286539
1191255,1188896,58.46922271016544,1188613,45.05693039932174,1191258,47.13336788825077,1186683,46.04221079811514,1191260,99.28573368367046
1191258,1188560,82.27137259686072,1191255,47.13336788825077,1180629,88.12515072418798,1191194,51.05065741430007,1185752,64.65168598777038,1188892,74.22522653964127,1191260,68.5333167366345,1190877,84.01577254233945,1191069,74.79690007114708,1187968,82.69256077327888,1191238,51.58030610803223,1176839,102.77522902420631,1188850,73.4093716325033,1163892,67.46736387104214,1183860,83.93864749114384,1186683,62.53799396059487,1188668,86.47173702642988,1186109,58.58118802239846,1188093,44.2122652845796,1191202,58.609770583029366,1188896,56.41120758789931,1190373,104.29696468460106,1188910,54.48365191672778,1144495,46.299287331500025
1191259,1190161,48.942697904262644,1191189,57.2623309350405,1190554,80.44670111621346,1190878,88.0454726771203,1191260,63.38150379624969,1190338,45.75357206515005,1190978,62.514437490769474,1187968,75.50493687253342,1190982,42.02165314898546,1190215,49.96129600373245,1163403,47.63333739122686,1189576,58.51935998366897,1188617,88.73671539540845,1147661,52.32926308197716,1179468,89.58580463407515,1190898,106.6395205494248,1190516,86.50070485176178,1189375,45.52851247835216,1190909,45.526486117208286,1190973,96.04741596132043,1188705,53.25312744525701,1171108,45.236457078936944,1191015,60.10956811461026,1191205,60.038641808938756,1191083,43.55941375447746,1180009,45.97110784932778,1188910,52.46177117116703,1190894,68.9615288721126
1191257,1186513,59.173068490410785,1190838,92.32401983698665,1191194,63.97779245977239,1179370,83.66405638188074,1191182,106.67863273049696,1188397,52.567103996635645
1191262,1187619,51.065811516753854,1191264,170.67252454480305,1191140,41.67809369345645,1191149,60.6378651483696
1191263,1188643,50.58533084906767,1191265,140.67499230616815,1184806,75.16476606529127,1190666,45.33171089701918,1191274,114.42273770137126,1188748,99.44918706969072
1191260,1188896,73.9480792615796,1187968,47.5631178115911,1177173,47.86363783775884,1191255,99.28573368367046,1191015,106.62253131824338,1191258,68.5333167366345,1191259,63.38150379624969
1191261,1191186,46.03152927346139,1191249,80.00690116111349,1191047,43.63743425320752,1190890,43.17294112787208,1188812,57.50710463301614
1191232,1181479,100.97480490580749,1183764,99.84809424730354,1191274,48.82153263151433,1191096,40.45204854338525,1191160,192.37767168144643,1188873,148.51522729583078
1191233,1188402,44.05441684542012,1191251,41.34168596021114,1187705,63.51277386746769,1188889,74.95152961497045,1180889,88.16885451773828
1191238,1188560,100.59279655030288,1190373,148.97129133800007,1191258,51.58030610803223,1188779,50.19203175389475,1188668,118.71159028157255,1191276,44.58682385347685,1190877,44.52484328769091
1191239,1183840,78.65903418276946,1188390,186.37238129165848,1187339,63.34872101279907,1188654,75.74964007115098,1191228,209.42146379200142
1191236,1177888,42.94202283934576,1191265,195.00278597553014,1180119,169.56782154101404,1188503,161.25854556164535,1183134,49.39607454650998,1188557,144.1853853943133
1191237,1191190,96.61417918926756,1191271,134.91791026519016,1183860,124.07936083556967,1190373,152.26497055461928,1184621,43.04128792571361,1190877,42.14172980654369
1191242,1187347,50.41195152275104,1188794,50.18541782915613,1188766,112.42411786477399,1181406,101.03571299454295,1188860,84.01023588879085,1187938,140.46492507238642,1188835,39.13495420446364,1163330,55.39453050830671,1185894,47.03059767337168,1188804,46.88423833715112,1176681,44.981784845367144,1187978,43.316542073392704,1191274,47.59102109160743,1190667,179.67702342887728,1191147,58.18266207236144,1186379,164.56830376768949,1191144,43.71312829296773,1190345,118.28458963450004,1188750,57.45960779443721,1177932,63.87665340709242
1191243,1182483,43.260405831754575,1178864,43.911401722079816,1190661,46.32297068631612,1191194,44.47122759157953,1191274,44.6204585220484,1181003,101.27183859306268,1188043,44.34395539762796,1190424,96.06951231017679,1191182,85.12381499854615,1191231,51.078572712763766,1188397,53.17576808708247
1191240,1191249,172.4713210872527,1185352,143.55878654407223,1191132,73.38735818873033
1191247,1188706,58.60309571298489,1191270,54.07256908848457,1188580,46.00826105447888,1188836,83.92169611172586,1191274,48.910797159594324,1188765,42.12980497020887
1191244,1183633,44.181756434410765,1188390,58.212021463643445,1191207,54.745183529267976,1178905,123.71259517387521
1191280,1188882,106.80909999113297,1190149,43.00368794243258,1191272,53.39351305880196,1191209,29.409824386927866,1188686,74.97092324692503,1153548,60.46858384149361
1191267,1185872,80.66824121264965,1188599,57.040527375627796,1190903,111.91903182150736,1161945,84.45080334430477,1172859,56.01572373779775,1191231,50.55524376343299,1191165,103.14639969006186,1188097,130.13439202699104,1188487,80.92750348489507,1191204,97.07053395092397,1190661,55.14064075606521,1191274,47.82607456379362,1191278,86.88999228035291,1188079,58.3474824101899
1191264,1190992,42.54856627994829,1191249,44.818606770836766,1191188,140.91545414391337,1163254,42.102533179711585,1191262,170.67252454480305,1190879,145.18442387738034,1183107,68.6362037190886,1187619,187.32784735102248,1177888,163.83235931144935,1188321,198.73961132927556,1191265,46.17532087023535,1169028,40.57466419428544,1191140,142.2862697221053,1191274,57.25994719450712,1191176,43.46533331299613,1189452,100.94627840131457,1184909,59.612287123807356,1191149,222.000873047868
1191265,1180119,53.67303022899617,1191063,75.14846778285938,1164567,40.77582949755063,1187096,86.45483203975033,1188440,88.8552618258588,1183134,164.70135636200288,1188575,69.96217638716269,1190879,151.42319948664044,1191263,140.67499230616815,1171329,59.59687508092864,1183107,66.171520127431,1166784,71.84217148145017,1191236,195.00278597553014,1190666,103.33840575841752,1188748,75.28805790343037,1184909,53.708505566339234,1186807,66.3768579003851,1188735,46.9432072679898,1188643,121.552464006899,1177888,169.69196108241988,1172707,47.593344706553104,1191264,46.17532087023535,1175714,40.72811649350044,1187367,76.68450917229768,1191150,48.60008430188417,1188207,55.81499962972599,1191149,227.73820550919973
1191270,1188866,63.48983552700189,1188688,68.83105754550856,1188580,50.959320735006756,1179623,56.50466306602652,1191274,68.50826740580735,1173402,51.20965387388049,1191247,54.07256908848457,1188765,46.69220807051081
1191271,1191190,52.32949883090677,1191194,52.486255024218586,1191195,60.33093840760901,1190812,33.65516700233903,1179487,41.13572331564175,1188892,58.1566700849774,1186589,94.358403323025,1190877,161.2949685311532,1190402,106.24196362664524,1190720,81.09818010768913,1168899,60.13745181536392,1186119,51.82180465310448,1187653,36.433238254115636,1191237,134.91791026519016,1188558,45.53863094667257,1177200,149.23052841015453,1190710,82.00288641268183,1190838,80.04623162612651,1188218,76.65460831558507,1191225,161.7625021204746,1191230,128.4745800090327,1186109,131.4751220304421,1190717,43.200191703135744,1188900,99.38118074272805,1191012,129.69466620058338,1190373,33.16361433000295,1188586,42.92290558618143,1172072,47.36792203720631,1191211,108.01778422327162,1191145,53.10669922806239,1191209,139.10559907211194,1126831,47.115611240083695,1191276,135.70085774078066,1184621,122.85248232502221,1191213,97.69235122602986
1191268,1191095,49.98626740331074,1159591,50.91948100537954,1188260,39.83755790803587,1190837,36.00788272660622,1191013,49.37209991323934,1188858,75.80513529160437,1191211,38.121408994349196,1191161,39.471073170722455,1188713,99.78682581080187,1188558,122.74542462087263,1188223,47.436385712329646
1191269,1188674,50.86202414404451,1187478,61.45422024645477,1177749,148.23376400246715,1184918,44.955267447776336,1173305,68.29871033336696,1191274,49.09886246838421,1188296,43.18366584078026,1188878,92.76865293137256,1187548,65.61351957747428,1188397,66.84667554382975
1191274,1179666,77.62810259443646,1188882,47.959041312019465,1180178,57.215937209186144,1190929,186.25097333291885,1188887,55.884910156816005,1188888,62.584535319568296,1188894,193.6544283053504,1188866,55.12474715525443,1169408,80.94558499765151,1188352,68.7307002417485,1187848,198.8462819573449,1188873,146.43392500575058,1153548,57.539160244298515,1180211,166.02323962005147,1184816,116.90394347431082,1190971,58.78734271152609,1178175,48.47539768083309,1188899,169.44804234699006,1163811,64.75818390174108,1148963,66.86072231533396,1176611,154.67496465243983,1188390,67.08795914517087,1184806,177.08553966876414,1190951,70.90427878291159,1188900,83.63429542614315,1186852,64.3085426663808,1190436,102.6780522896197,1190955,72.66696710583982,1188904,176.0546785653219,1157162,220.9330225918508,1175597,77.7572531231105,1190959,153.4983317387258,1190995,55.25750533106973,1190992,47.84726256158623,1188440,74.36385251808719,1191006,43.242573729283095,1187420,168.38168878169478,1191005,49.880000792081006,1178688,144.72508556480008,1187908,96.49205563680327,1186379,170.82051094914206,1186894,67.37832688419783,1189452,76.90271195304322,1190988,198.67312885245653,1191027,66.37583631646929,1175152,67.7635277003021,1161843,78.641855500236,1186417,66.1981948441439,1171062,77.41627489653287,1186938,60.23476438812475,1191034,46.436910768735686,1170041,170.8087206242941,1187938,146.87340678981334,1174628,84.02297769761167,1188452,70.62482299823165,1167979,83.78448331167482,1191017,50.44056068097815,1173101,82.72845469321697,1190546,55.69530949349165,1190035,63.70161889199054,1186960,77.2715600779816,1191062,115.05506378613103,1186460,54.39306939683192,1185437,53.92488100425879,1188487,77.83517449359472,1187978,48.97581991710079,1183374,91.29118317446695,1191055,42.16710267967388,1180850,119.35812747380376,1173682,73.16983611798591,1188535,127.49097505073503,1191096,47.687493073752734,1191074,48.52403021523636,1188512,103.03366687673692,1188516,57.06553224985894,1188010,65.77924147289072,1179857,71.97839489099093,1191129,100.0744262224109,1187548,83.3564449371532,1191132,79.15993062016717,1171141,119.09745284614812,1182404,46.7803556059539,1190600,50.59701437006804,1178864,53.47498621365052,1191160,188.21918253366948,1178362,113.2531939927103,1190140,53.105326338227655,1165055,53.38022872229296,1191165,97.65938078454752,1184482,118.84146034159878,1191143,115.18864275089527,1188580,59.853436794514494,1141479,64.45456240489537,1186021,131.58495871256264,1186576,210.5266754777558,1180436,56.10693575061638,1188634,110.54412707090981,1187608,119.16384341824755,1164571,65.7817507013695,1191193,104.8592831862541,1191196,43.687195919740205,1120514,212.12094990269847,1190661,65.26930302141895,1190667,-9177478.541822368,1187081,112.28129672277453,1191177,47.5988982446534,1191221,55.3940283174619,1190200,188.12533232879125,1171261,42.770086085190584,1191228,49.50732674641913,1187619,167.23404249942257,1188128,54.28898926281832,1191207,58.99822214581209,1181479,94.68551356797757,1191204,90.80707196344473,1152295,89.4548743851743,1188645,69.53740514072005,1174825,176.2015654629936,1165096,164.13508321052637,1174315,62.10542222323938,1188649,148.3602594716919,1191209,170.99586247124915,1185071,51.70372763815517,1191212,70.45632893037168,1191250,71.71572805742919,1191251,100.24937066041291,1188688,50.95820708968122,1191249,48.62316134241128,1188703,56.18688979896007,1191263,114.42273770137126,1186652,91.7727595943574,1188674,57.39770309264529,1185088,53.554118129109035,1191232,48.82153263151433,1191242,47.59102109160743,1191243,44.6204585220484,1188686,60.270391040186254,1178957,66.0807644462358,1191247,48.910797159594324,1180017,56.6301307849411,1190262,148.23113766639187,1190775,130.35029627770507,1188218,68.84807905069962,1186687,53.385699150578795,1188706,70.033518029841,1186658,71.09623763739408,1189219,67.26952283098655,1191267,47.82607456379362,1182560,77.6563808734175,1191264,57.25994719450712,1188193,63.47941110377574,1191270,68.50826740580735,1191269,49.09886246838421,1152360,55.9908751670347,1185135,42.01320814075674,1186669,96.52375340098605,1188759,125.31339205567294,1173402,52.51809645547037,1182617,153.64034254989437,1189276,48.246784022374484,1190812,45.008313906295456,1171329,46.24006124844693,1190788,113.29652360914733,1174921,49.4919068055117,1177482,50.77358737952601,1188238,58.23908953173392,1188750,60.00091380355042,1190799,126.34213182853308,1188748,73.72706753757892,1173937,42.46124428244319,1189818,41.24444755784135,1172409,175.86593107351837,1179064,157.41002599485253,1185211,57.74303680821833,1174443,43.791138979601136,1188777,148.13942576754582,1190867,46.151420695828605,1188816,76.77255074366609,1186779,131.1458407786095,1168863,149.92434882077129,1190850,48.513830086938576,1190342,84.90570621194503,1186247,63.091240836411494,1188804,49.33443950519455,1189834,160.48861713991712,1169870,41.864544289878815,1190897,177.79933101516022,1188852,119.03480237279027,1180666,57.94162008776445,1190398,107.192953784457,1188835,51.49412114422433,1190880,88.34250309388338,1179623,51.61149615345266,1188837,144.86931964737977,1188332,93.17742038012166,1161711,59.06884882562809
1191272,1191280,53.39351305880196,1191129,53.92808406738941,1191209,43.859325295909684
1191273,1188420,104.54071967277919,1191013,56.223145522507586,1188713,43.87278793512803,1188783,66.38526708991743,1181149,135.28123053177552
1191278,1191267,86.88999228035291,1188097,64.39849178130255,1187926,90.39117835267983,1190903,43.9819769968262,1188103,59.570704229891334,1190554,63.40459652547779,1190972,56.14464793565243,1191229,50.30897062208152
1191279,1191251,42.996445419708735,1165058,41.86807463076529,1191063,95.53264579841199,1190628,49.08471227758301
1191276,1188850,60.82497533510271,1188560,96.20086692864409,1189403,57.90275622543996,1191230,44.945508048298144,1183806,57.834822847216245,1175196,51.004166679101175,1188668,117.93251868372806,1190877,52.08502487950699,1190402,50.13687202129225,1179587,79.25436938096631,1167810,90.80937918573169,1191238,44.58682385347685,1186119,119.01893213681394,1191271,135.70085774078066,1188779,44.33771397794519,1187789,56.713119580092226
1191277,1191186,43.9000935677756,1191047,46.5897255087922,1188207,68.32818727076517,1185869,141.80387836426388
